1.307129144668579 5000 seq 100 1
1.299488067626953 5000 seq 100 1
1.360995054244995 5000 seq 100 1
1.326007127761841 5000 seq 100 1
1.306004047393799 5000 seq 100 1
1.316670894622803 5000 seq 100 1
1.309134960174561 5000 seq 100 1
1.320937871932983 5000 seq 100 1
1.285652875900269 5000 seq 100 1
1.310685157775879 5000 seq 100 1
1.317413091659546 5000 pthrd_o 100 1
1.310571908950806 5000 pthrd_o 100 1
1.307543039321899 5000 pthrd_o 100 1
1.343735933303833 5000 pthrd_o 100 1
3.225407123565674 5000 pthrd_o 100 1
1.325550794601440 5000 pthrd_o 100 1
1.333580017089844 5000 pthrd_o 100 1
1.340964078903198 5000 pthrd_o 100 1
1.339071989059448 5000 pthrd_o 100 1
1.322467088699341 5000 pthrd_o 100 1
0.699583053588867 5000 pthrd_o 100 2
0.694535970687866 5000 pthrd_o 100 2
0.678621053695679 5000 pthrd_o 100 2
0.684981107711792 5000 pthrd_o 100 2
0.698494911193848 5000 pthrd_o 100 2
0.695168018341064 5000 pthrd_o 100 2
0.660974979400635 5000 pthrd_o 100 2
0.661118984222412 5000 pthrd_o 100 2
0.679282903671265 5000 pthrd_o 100 2
0.658025026321411 5000 pthrd_o 100 2
0.364923000335693 5000 pthrd_o 100 4
0.367991924285889 5000 pthrd_o 100 4
0.361505985260010 5000 pthrd_o 100 4
0.364206790924072 5000 pthrd_o 100 4
0.384882926940918 5000 pthrd_o 100 4
0.374352931976318 5000 pthrd_o 100 4
0.377292871475220 5000 pthrd_o 100 4
0.375565052032471 5000 pthrd_o 100 4
0.363806962966919 5000 pthrd_o 100 4
0.365209817886353 5000 pthrd_o 100 4
0.273888111114502 5000 pthrd_o 100 8
0.223272085189819 5000 pthrd_o 100 8
0.214734077453613 5000 pthrd_o 100 8
0.208992958068848 5000 pthrd_o 100 8
0.253615140914917 5000 pthrd_o 100 8
0.245672941207886 5000 pthrd_o 100 8
0.254111051559448 5000 pthrd_o 100 8
0.217034101486206 5000 pthrd_o 100 8
0.257233858108521 5000 pthrd_o 100 8
0.251796960830688 5000 pthrd_o 100 8
0.221686840057373 5000 pthrd_o 100 16
0.215685129165649 5000 pthrd_o 100 16
0.219491004943848 5000 pthrd_o 100 16
0.222300052642822 5000 pthrd_o 100 16
0.221498012542725 5000 pthrd_o 100 16
0.215095043182373 5000 pthrd_o 100 16
0.222795009613037 5000 pthrd_o 100 16
0.222470998764038 5000 pthrd_o 100 16
0.229106903076172 5000 pthrd_o 100 16
0.222078084945679 5000 pthrd_o 100 16
1.311491966247559 5000 pthrd_yu 100 1
1.300209999084473 5000 pthrd_yu 100 1
1.315101146697998 5000 pthrd_yu 100 1
1.316915988922119 5000 pthrd_yu 100 1
1.317642927169800 5000 pthrd_yu 100 1
1.348399162292480 5000 pthrd_yu 100 1
1.343639850616455 5000 pthrd_yu 100 1
3.180725097656250 5000 pthrd_yu 100 1
1.350559949874878 5000 pthrd_yu 100 1
1.331114053726196 5000 pthrd_yu 100 1
0.752614021301270 5000 pthrd_yu 100 2
0.739296197891235 5000 pthrd_yu 100 2
0.701535940170288 5000 pthrd_yu 100 2
0.699342012405396 5000 pthrd_yu 100 2
0.726079940795898 5000 pthrd_yu 100 2
0.696726083755493 5000 pthrd_yu 100 2
0.720219135284424 5000 pthrd_yu 100 2
0.697844982147217 5000 pthrd_yu 100 2
0.685719966888428 5000 pthrd_yu 100 2
0.705414056777954 5000 pthrd_yu 100 2
0.354368925094604 5000 pthrd_yu 100 4
0.359923124313354 5000 pthrd_yu 100 4
0.356523990631104 5000 pthrd_yu 100 4
0.368616104125977 5000 pthrd_yu 100 4
0.354758977890015 5000 pthrd_yu 100 4
0.354728937149048 5000 pthrd_yu 100 4
0.363055944442749 5000 pthrd_yu 100 4
0.358832120895386 5000 pthrd_yu 100 4
0.411679983139038 5000 pthrd_yu 100 4
0.393778085708618 5000 pthrd_yu 100 4
0.242100000381470 5000 pthrd_yu 100 8
0.228083133697510 5000 pthrd_yu 100 8
0.233417034149170 5000 pthrd_yu 100 8
0.280177116394043 5000 pthrd_yu 100 8
0.242701053619385 5000 pthrd_yu 100 8
0.236059904098511 5000 pthrd_yu 100 8
0.237519025802612 5000 pthrd_yu 100 8
0.305558919906616 5000 pthrd_yu 100 8
0.263894081115723 5000 pthrd_yu 100 8
0.256388902664185 5000 pthrd_yu 100 8
0.231456995010376 5000 pthrd_yu 100 16
0.235569000244141 5000 pthrd_yu 100 16
0.237282037734985 5000 pthrd_yu 100 16
0.229532003402710 5000 pthrd_yu 100 16
0.234724044799805 5000 pthrd_yu 100 16
0.237617969512939 5000 pthrd_yu 100 16
0.240880012512207 5000 pthrd_yu 100 16
0.230273008346558 5000 pthrd_yu 100 16
0.229204893112183 5000 pthrd_yu 100 16
0.242242097854614 5000 pthrd_yu 100 16
