0.000887870788574 10 seq 100 1
0.000026941299438 10 seq 100 1
0.000024080276489 10 seq 100 1
0.000026941299438 10 seq 100 1
0.000022888183594 10 seq 100 1
0.000025987625122 10 seq 100 1
0.000024080276489 10 seq 100 1
0.000024080276489 10 seq 100 1
0.000066995620728 10 seq 100 1
0.000025033950806 10 seq 100 1
0.001115083694458 100 seq 100 1
0.000620841979980 100 seq 100 1
0.000567913055420 100 seq 100 1
0.000554084777832 100 seq 100 1
0.000755071640015 100 seq 100 1
0.000554800033569 100 seq 100 1
0.000545024871826 100 seq 100 1
0.000607013702393 100 seq 100 1
0.000574111938477 100 seq 100 1
0.000557899475098 100 seq 100 1
0.014118909835815 500 seq 100 1
0.013422966003418 500 seq 100 1
0.013099908828735 500 seq 100 1
0.013227939605713 500 seq 100 1
0.012932062149048 500 seq 100 1
0.013425827026367 500 seq 100 1
0.013653039932251 500 seq 100 1
0.013267040252686 500 seq 100 1
0.012844800949097 500 seq 100 1
0.012890100479126 500 seq 100 1
0.052377939224243 1000 seq 100 1
0.051841020584106 1000 seq 100 1
0.053246974945068 1000 seq 100 1
0.055573940277100 1000 seq 100 1
0.052126169204712 1000 seq 100 1
0.052392959594727 1000 seq 100 1
0.051660776138306 1000 seq 100 1
0.053051948547363 1000 seq 100 1
0.051158189773560 1000 seq 100 1
0.051353931427002 1000 seq 100 1
0.205287933349609 2000 seq 100 1
0.205572128295898 2000 seq 100 1
0.209471940994263 2000 seq 100 1
0.213181972503662 2000 seq 100 1
0.208376169204712 2000 seq 100 1
0.205546855926514 2000 seq 100 1
0.206718921661377 2000 seq 100 1
0.203891038894653 2000 seq 100 1
0.211860179901123 2000 seq 100 1
0.204323053359985 2000 seq 100 1
1.288039207458496 5000 seq 100 1
1.283885002136230 5000 seq 100 1
1.276592016220093 5000 seq 100 1
1.236954212188721 5000 seq 100 1
1.237898111343384 5000 seq 100 1
1.233757019042969 5000 seq 100 1
1.246392011642456 5000 seq 100 1
1.243793010711670 5000 seq 100 1
1.234700918197632 5000 seq 100 1
1.260574817657471 5000 seq 100 1
2.480365991592407 7000 seq 100 1
2.480883121490479 7000 seq 100 1
2.482345104217529 7000 seq 100 1
4.655227899551392 7000 seq 100 1
2.476577043533325 7000 seq 100 1
2.486283063888550 7000 seq 100 1
2.514873027801514 7000 seq 100 1
2.522980928421021 7000 seq 100 1
2.518765211105347 7000 seq 100 1
2.461210012435913 7000 seq 100 1
4.994201898574829 10000 seq 100 1
5.069455862045288 10000 seq 100 1
5.080313920974731 10000 seq 100 1
7.242950916290283 10000 seq 100 1
5.132138967514038 10000 seq 100 1
5.142287015914917 10000 seq 100 1
4.976334095001221 10000 seq 100 1
5.040513038635254 10000 seq 100 1
5.076421022415161 10000 seq 100 1
7.271922111511230 10000 seq 100 1
0.012476205825806 10 pthrd_o 100 4
0.007323980331421 10 pthrd_o 100 4
0.007169961929321 10 pthrd_o 100 4
0.007347822189331 10 pthrd_o 100 4
0.007421016693115 10 pthrd_o 100 4
0.007075071334839 10 pthrd_o 100 4
0.007358074188232 10 pthrd_o 100 4
0.007212162017822 10 pthrd_o 100 4
0.007202863693237 10 pthrd_o 100 4
0.007131099700928 10 pthrd_o 100 4
0.014760017395020 10 pthrd_o 100 8
0.014745235443115 10 pthrd_o 100 8
0.014722108840942 10 pthrd_o 100 8
0.014657020568848 10 pthrd_o 100 8
0.014619112014771 10 pthrd_o 100 8
0.014729976654053 10 pthrd_o 100 8
0.014674186706543 10 pthrd_o 100 8
0.014775037765503 10 pthrd_o 100 8
0.014648914337158 10 pthrd_o 100 8
0.014785051345825 10 pthrd_o 100 8
0.022630929946899 10 pthrd_o 100 12
0.022181034088135 10 pthrd_o 100 12
0.022764921188354 10 pthrd_o 100 12
0.022001981735229 10 pthrd_o 100 12
0.022169828414917 10 pthrd_o 100 12
0.022171974182129 10 pthrd_o 100 12
0.021951913833618 10 pthrd_o 100 12
0.022207975387573 10 pthrd_o 100 12
0.021993160247803 10 pthrd_o 100 12
0.022183895111084 10 pthrd_o 100 12
0.029917001724243 10 pthrd_o 100 16
0.029484033584595 10 pthrd_o 100 16
0.029803037643433 10 pthrd_o 100 16
0.029430866241455 10 pthrd_o 100 16
0.029694080352783 10 pthrd_o 100 16
0.029422998428345 10 pthrd_o 100 16
0.029520988464355 10 pthrd_o 100 16
0.029247999191284 10 pthrd_o 100 16
0.029357910156250 10 pthrd_o 100 16
0.029735803604126 10 pthrd_o 100 16
0.007936954498291 100 pthrd_o 100 4
0.007514953613281 100 pthrd_o 100 4
0.007416009902954 100 pthrd_o 100 4
0.007609128952026 100 pthrd_o 100 4
0.007377862930298 100 pthrd_o 100 4
0.007580995559692 100 pthrd_o 100 4
0.007549047470093 100 pthrd_o 100 4
0.007434844970703 100 pthrd_o 100 4
0.007504940032959 100 pthrd_o 100 4
0.007451057434082 100 pthrd_o 100 4
0.014900922775269 100 pthrd_o 100 8
0.014734983444214 100 pthrd_o 100 8
0.014649152755737 100 pthrd_o 100 8
0.015324115753174 100 pthrd_o 100 8
0.014820814132690 100 pthrd_o 100 8
0.014811038970947 100 pthrd_o 100 8
0.015100002288818 100 pthrd_o 100 8
0.014853000640869 100 pthrd_o 100 8
0.014770030975342 100 pthrd_o 100 8
0.014697074890137 100 pthrd_o 100 8
0.022318124771118 100 pthrd_o 100 12
0.022329092025757 100 pthrd_o 100 12
0.022186040878296 100 pthrd_o 100 12
0.022042036056519 100 pthrd_o 100 12
0.022214174270630 100 pthrd_o 100 12
0.022051095962524 100 pthrd_o 100 12
0.022125005722046 100 pthrd_o 100 12
0.022233963012695 100 pthrd_o 100 12
0.022216081619263 100 pthrd_o 100 12
0.022365093231201 100 pthrd_o 100 12
0.030400991439819 100 pthrd_o 100 16
0.030279874801636 100 pthrd_o 100 16
0.029808044433594 100 pthrd_o 100 16
0.029629230499268 100 pthrd_o 100 16
0.029762983322144 100 pthrd_o 100 16
0.029665946960449 100 pthrd_o 100 16
0.029438972473145 100 pthrd_o 100 16
0.029663085937500 100 pthrd_o 100 16
0.029519081115723 100 pthrd_o 100 16
0.029711008071899 100 pthrd_o 100 16
0.011121034622192 500 pthrd_o 100 4
0.012038946151733 500 pthrd_o 100 4
0.011106014251709 500 pthrd_o 100 4
0.010773897171021 500 pthrd_o 100 4
0.011102914810181 500 pthrd_o 100 4
0.012025117874146 500 pthrd_o 100 4
0.011415958404541 500 pthrd_o 100 4
0.010926008224487 500 pthrd_o 100 4
0.011387109756470 500 pthrd_o 100 4
0.011595964431763 500 pthrd_o 100 4
0.017461061477661 500 pthrd_o 100 8
0.017030000686646 500 pthrd_o 100 8
0.017054796218872 500 pthrd_o 100 8
0.017323017120361 500 pthrd_o 100 8
0.016841888427734 500 pthrd_o 100 8
0.016660928726196 500 pthrd_o 100 8
0.016880989074707 500 pthrd_o 100 8
0.017024040222168 500 pthrd_o 100 8
0.016979932785034 500 pthrd_o 100 8
0.016813993453979 500 pthrd_o 100 8
0.024305105209351 500 pthrd_o 100 12
0.023514032363892 500 pthrd_o 100 12
0.023674011230469 500 pthrd_o 100 12
0.023579120635986 500 pthrd_o 100 12
0.023384809494019 500 pthrd_o 100 12
0.023411035537720 500 pthrd_o 100 12
0.023593902587891 500 pthrd_o 100 12
0.023554801940918 500 pthrd_o 100 12
0.023478031158447 500 pthrd_o 100 12
0.023766040802002 500 pthrd_o 100 12
0.030462026596069 500 pthrd_o 100 16
0.030719995498657 500 pthrd_o 100 16
0.030910015106201 500 pthrd_o 100 16
0.030774831771851 500 pthrd_o 100 16
0.030699014663696 500 pthrd_o 100 16
0.031551837921143 500 pthrd_o 100 16
0.031249046325684 500 pthrd_o 100 16
0.030870199203491 500 pthrd_o 100 16
0.030308008193970 500 pthrd_o 100 16
0.030838966369629 500 pthrd_o 100 16
0.021219015121460 1000 pthrd_o 100 4
0.022163152694702 1000 pthrd_o 100 4
0.023893117904663 1000 pthrd_o 100 4
0.023664951324463 1000 pthrd_o 100 4
0.023880004882812 1000 pthrd_o 100 4
0.023418903350830 1000 pthrd_o 100 4
0.022976875305176 1000 pthrd_o 100 4
0.023584842681885 1000 pthrd_o 100 4
0.023398876190186 1000 pthrd_o 100 4
0.023835897445679 1000 pthrd_o 100 4
0.025913953781128 1000 pthrd_o 100 8
0.022985935211182 1000 pthrd_o 100 8
0.024699926376343 1000 pthrd_o 100 8
0.022430181503296 1000 pthrd_o 100 8
0.022038936614990 1000 pthrd_o 100 8
0.022971868515015 1000 pthrd_o 100 8
0.023435831069946 1000 pthrd_o 100 8
0.022672891616821 1000 pthrd_o 100 8
0.022122859954834 1000 pthrd_o 100 8
0.022377014160156 1000 pthrd_o 100 8
0.027860164642334 1000 pthrd_o 100 12
0.027899980545044 1000 pthrd_o 100 12
0.027571916580200 1000 pthrd_o 100 12
0.027553081512451 1000 pthrd_o 100 12
0.027678012847900 1000 pthrd_o 100 12
0.027837038040161 1000 pthrd_o 100 12
0.027361869812012 1000 pthrd_o 100 12
0.027814865112305 1000 pthrd_o 100 12
0.027487039566040 1000 pthrd_o 100 12
0.027789115905762 1000 pthrd_o 100 12
0.033706188201904 1000 pthrd_o 100 16
0.033593893051147 1000 pthrd_o 100 16
0.033445119857788 1000 pthrd_o 100 16
0.034322023391724 1000 pthrd_o 100 16
0.034848928451538 1000 pthrd_o 100 16
0.033983945846558 1000 pthrd_o 100 16
0.034242868423462 1000 pthrd_o 100 16
0.034442901611328 1000 pthrd_o 100 16
0.034435987472534 1000 pthrd_o 100 16
0.034154891967773 1000 pthrd_o 100 16
0.067614078521729 2000 pthrd_o 100 4
0.069085121154785 2000 pthrd_o 100 4
0.072729825973511 2000 pthrd_o 100 4
0.073827028274536 2000 pthrd_o 100 4
0.072729110717773 2000 pthrd_o 100 4
0.074352979660034 2000 pthrd_o 100 4
0.071927785873413 2000 pthrd_o 100 4
0.073317050933838 2000 pthrd_o 100 4
0.069832801818848 2000 pthrd_o 100 4
0.072862148284912 2000 pthrd_o 100 4
0.065144062042236 2000 pthrd_o 100 8
0.073492050170898 2000 pthrd_o 100 8
0.067799091339111 2000 pthrd_o 100 8
0.047278881072998 2000 pthrd_o 100 8
0.047618865966797 2000 pthrd_o 100 8
0.052911043167114 2000 pthrd_o 100 8
0.047797918319702 2000 pthrd_o 100 8
0.044878005981445 2000 pthrd_o 100 8
0.048418045043945 2000 pthrd_o 100 8
0.060145139694214 2000 pthrd_o 100 8
0.057539939880371 2000 pthrd_o 100 12
0.056275129318237 2000 pthrd_o 100 12
0.055958986282349 2000 pthrd_o 100 12
0.056411027908325 2000 pthrd_o 100 12
0.056107997894287 2000 pthrd_o 100 12
0.061315059661865 2000 pthrd_o 100 12
0.056586980819702 2000 pthrd_o 100 12
0.056226015090942 2000 pthrd_o 100 12
0.056246042251587 2000 pthrd_o 100 12
0.056950092315674 2000 pthrd_o 100 12
0.058713912963867 2000 pthrd_o 100 16
0.056329965591431 2000 pthrd_o 100 16
0.057768821716309 2000 pthrd_o 100 16
0.056565046310425 2000 pthrd_o 100 16
0.057153940200806 2000 pthrd_o 100 16
0.055581092834473 2000 pthrd_o 100 16
0.055016994476318 2000 pthrd_o 100 16
0.055042028427124 2000 pthrd_o 100 16
0.055134057998657 2000 pthrd_o 100 16
0.055428028106689 2000 pthrd_o 100 16
0.361949920654297 5000 pthrd_o 100 4
0.355897903442383 5000 pthrd_o 100 4
0.364559888839722 5000 pthrd_o 100 4
0.366565942764282 5000 pthrd_o 100 4
0.368691921234131 5000 pthrd_o 100 4
0.353878021240234 5000 pthrd_o 100 4
0.364343881607056 5000 pthrd_o 100 4
0.365940809249878 5000 pthrd_o 100 4
0.372649908065796 5000 pthrd_o 100 4
0.374552965164185 5000 pthrd_o 100 4
0.209652185440063 5000 pthrd_o 100 8
0.210602045059204 5000 pthrd_o 100 8
0.304867982864380 5000 pthrd_o 100 8
0.233337879180908 5000 pthrd_o 100 8
0.225739002227783 5000 pthrd_o 100 8
0.203095912933350 5000 pthrd_o 100 8
0.210129976272583 5000 pthrd_o 100 8
0.225369930267334 5000 pthrd_o 100 8
0.230770111083984 5000 pthrd_o 100 8
0.202681064605713 5000 pthrd_o 100 8
0.235141992568970 5000 pthrd_o 100 12
0.237344026565552 5000 pthrd_o 100 12
0.235706090927124 5000 pthrd_o 100 12
0.235868930816650 5000 pthrd_o 100 12
0.234785795211792 5000 pthrd_o 100 12
0.235355138778687 5000 pthrd_o 100 12
0.235130071640015 5000 pthrd_o 100 12
0.236200094223022 5000 pthrd_o 100 12
0.235443830490112 5000 pthrd_o 100 12
0.236495971679688 5000 pthrd_o 100 12
0.194103956222534 5000 pthrd_o 100 16
0.195918083190918 5000 pthrd_o 100 16
0.196522951126099 5000 pthrd_o 100 16
0.195508956909180 5000 pthrd_o 100 16
0.196115970611572 5000 pthrd_o 100 16
0.196937084197998 5000 pthrd_o 100 16
0.195709943771362 5000 pthrd_o 100 16
0.204821109771729 5000 pthrd_o 100 16
0.199784040451050 5000 pthrd_o 100 16
0.194121122360229 5000 pthrd_o 100 16
0.688018798828125 7000 pthrd_o 100 4
0.698962926864624 7000 pthrd_o 100 4
0.675330877304077 7000 pthrd_o 100 4
0.698464870452881 7000 pthrd_o 100 4
0.724319934844971 7000 pthrd_o 100 4
0.736690044403076 7000 pthrd_o 100 4
0.707288980484009 7000 pthrd_o 100 4
0.728853940963745 7000 pthrd_o 100 4
0.706997871398926 7000 pthrd_o 100 4
0.714221000671387 7000 pthrd_o 100 4
0.435446023941040 7000 pthrd_o 100 8
0.425214052200317 7000 pthrd_o 100 8
0.406350135803223 7000 pthrd_o 100 8
0.434473037719727 7000 pthrd_o 100 8
0.424253940582275 7000 pthrd_o 100 8
0.410473108291626 7000 pthrd_o 100 8
0.425734996795654 7000 pthrd_o 100 8
0.402357816696167 7000 pthrd_o 100 8
0.432509183883667 7000 pthrd_o 100 8
0.429150104522705 7000 pthrd_o 100 8
0.450188159942627 7000 pthrd_o 100 12
0.447492122650146 7000 pthrd_o 100 12
0.448345899581909 7000 pthrd_o 100 12
0.448889017105103 7000 pthrd_o 100 12
0.448585033416748 7000 pthrd_o 100 12
0.449916839599609 7000 pthrd_o 100 12
2.667856931686401 7000 pthrd_o 100 12
0.450240850448608 7000 pthrd_o 100 12
0.448215961456299 7000 pthrd_o 100 12
0.448915958404541 7000 pthrd_o 100 12
0.363053083419800 7000 pthrd_o 100 16
0.365518093109131 7000 pthrd_o 100 16
0.378190040588379 7000 pthrd_o 100 16
0.353466987609863 7000 pthrd_o 100 16
0.364531040191650 7000 pthrd_o 100 16
0.371688842773438 7000 pthrd_o 100 16
0.356089830398560 7000 pthrd_o 100 16
0.364417076110840 7000 pthrd_o 100 16
0.366816043853760 7000 pthrd_o 100 16
0.372781038284302 7000 pthrd_o 100 16
1.465244770050049 10000 pthrd_o 100 4
1.557232141494751 10000 pthrd_o 100 4
1.506313085556030 10000 pthrd_o 100 4
1.535132169723511 10000 pthrd_o 100 4
1.539767026901245 10000 pthrd_o 100 4
1.547058105468750 10000 pthrd_o 100 4
1.427993059158325 10000 pthrd_o 100 4
1.527491092681885 10000 pthrd_o 100 4
1.485305070877075 10000 pthrd_o 100 4
1.468347072601318 10000 pthrd_o 100 4
0.932542085647583 10000 pthrd_o 100 8
0.892130136489868 10000 pthrd_o 100 8
0.923808813095093 10000 pthrd_o 100 8
0.889429092407227 10000 pthrd_o 100 8
0.936002969741821 10000 pthrd_o 100 8
0.939225912094116 10000 pthrd_o 100 8
0.947376012802124 10000 pthrd_o 100 8
0.959259986877441 10000 pthrd_o 100 8
0.937509059906006 10000 pthrd_o 100 8
0.960676908493042 10000 pthrd_o 100 8
0.892642974853516 10000 pthrd_o 100 12
0.895196199417114 10000 pthrd_o 100 12
0.893259048461914 10000 pthrd_o 100 12
3.123145818710327 10000 pthrd_o 100 12
0.889541864395142 10000 pthrd_o 100 12
0.891260147094727 10000 pthrd_o 100 12
0.893796920776367 10000 pthrd_o 100 12
0.892411947250366 10000 pthrd_o 100 12
0.902638912200928 10000 pthrd_o 100 12
0.905323982238770 10000 pthrd_o 100 12
0.714270114898682 10000 pthrd_o 100 16
0.736764907836914 10000 pthrd_o 100 16
0.727801084518433 10000 pthrd_o 100 16
0.727000951766968 10000 pthrd_o 100 16
0.734568119049072 10000 pthrd_o 100 16
0.736151218414307 10000 pthrd_o 100 16
0.712991952896118 10000 pthrd_o 100 16
0.726957798004150 10000 pthrd_o 100 16
0.718502998352051 10000 pthrd_o 100 16
0.705995082855225 10000 pthrd_o 100 16
0.011221170425415 10 pthrd_yu 100 4
0.010735988616943 10 pthrd_yu 100 4
0.010823965072632 10 pthrd_yu 100 4
0.010591030120850 10 pthrd_yu 100 4
0.010794162750244 10 pthrd_yu 100 4
0.010799884796143 10 pthrd_yu 100 4
0.010916948318481 10 pthrd_yu 100 4
0.011012077331543 10 pthrd_yu 100 4
0.010726928710938 10 pthrd_yu 100 4
0.010971069335938 10 pthrd_yu 100 4
0.022234201431274 10 pthrd_yu 100 8
0.022162914276123 10 pthrd_yu 100 8
0.022323131561279 10 pthrd_yu 100 8
0.021859169006348 10 pthrd_yu 100 8
0.021733045578003 10 pthrd_yu 100 8
0.021826982498169 10 pthrd_yu 100 8
0.021694183349609 10 pthrd_yu 100 8
0.021970987319946 10 pthrd_yu 100 8
0.021777868270874 10 pthrd_yu 100 8
0.021743059158325 10 pthrd_yu 100 8
0.032973051071167 10 pthrd_yu 100 12
0.033054113388062 10 pthrd_yu 100 12
0.032673120498657 10 pthrd_yu 100 12
0.033341169357300 10 pthrd_yu 100 12
0.033217191696167 10 pthrd_yu 100 12
0.033128976821899 10 pthrd_yu 100 12
0.032642126083374 10 pthrd_yu 100 12
0.032686948776245 10 pthrd_yu 100 12
0.032305955886841 10 pthrd_yu 100 12
0.032610177993774 10 pthrd_yu 100 12
0.043554067611694 10 pthrd_yu 100 16
0.043924093246460 10 pthrd_yu 100 16
0.043694019317627 10 pthrd_yu 100 16
0.043486118316650 10 pthrd_yu 100 16
0.043217897415161 10 pthrd_yu 100 16
0.043617010116577 10 pthrd_yu 100 16
0.044323921203613 10 pthrd_yu 100 16
0.044002056121826 10 pthrd_yu 100 16
0.043469905853271 10 pthrd_yu 100 16
0.043855905532837 10 pthrd_yu 100 16
0.010950088500977 100 pthrd_yu 100 4
0.011225938796997 100 pthrd_yu 100 4
0.011384963989258 100 pthrd_yu 100 4
0.011296033859253 100 pthrd_yu 100 4
0.011215925216675 100 pthrd_yu 100 4
0.011265993118286 100 pthrd_yu 100 4
0.011092185974121 100 pthrd_yu 100 4
0.011180162429810 100 pthrd_yu 100 4
0.012004137039185 100 pthrd_yu 100 4
0.011099100112915 100 pthrd_yu 100 4
0.022313117980957 100 pthrd_yu 100 8
0.022500991821289 100 pthrd_yu 100 8
0.022107124328613 100 pthrd_yu 100 8
0.022132873535156 100 pthrd_yu 100 8
0.022071123123169 100 pthrd_yu 100 8
0.022264003753662 100 pthrd_yu 100 8
0.021992921829224 100 pthrd_yu 100 8
0.022168874740601 100 pthrd_yu 100 8
0.022119998931885 100 pthrd_yu 100 8
0.021901130676270 100 pthrd_yu 100 8
0.033294916152954 100 pthrd_yu 100 12
0.033032894134521 100 pthrd_yu 100 12
0.033007860183716 100 pthrd_yu 100 12
0.032760143280029 100 pthrd_yu 100 12
0.033082962036133 100 pthrd_yu 100 12
0.033319950103760 100 pthrd_yu 100 12
0.032680034637451 100 pthrd_yu 100 12
0.032811880111694 100 pthrd_yu 100 12
0.032895088195801 100 pthrd_yu 100 12
0.033421039581299 100 pthrd_yu 100 12
0.044480085372925 100 pthrd_yu 100 16
0.043905973434448 100 pthrd_yu 100 16
0.044754981994629 100 pthrd_yu 100 16
0.044217824935913 100 pthrd_yu 100 16
0.044598102569580 100 pthrd_yu 100 16
0.043547868728638 100 pthrd_yu 100 16
0.043814897537231 100 pthrd_yu 100 16
0.043629884719849 100 pthrd_yu 100 16
0.043784141540527 100 pthrd_yu 100 16
0.043905019760132 100 pthrd_yu 100 16
0.015729904174805 500 pthrd_yu 100 4
0.015359163284302 500 pthrd_yu 100 4
0.017132043838501 500 pthrd_yu 100 4
0.015639066696167 500 pthrd_yu 100 4
0.015241146087646 500 pthrd_yu 100 4
0.015288829803467 500 pthrd_yu 100 4
0.016803026199341 500 pthrd_yu 100 4
0.015181064605713 500 pthrd_yu 100 4
0.015420913696289 500 pthrd_yu 100 4
0.018154859542847 500 pthrd_yu 100 4
0.025502920150757 500 pthrd_yu 100 8
0.024986028671265 500 pthrd_yu 100 8
0.024815082550049 500 pthrd_yu 100 8
0.025035858154297 500 pthrd_yu 100 8
0.025437116622925 500 pthrd_yu 100 8
0.025096893310547 500 pthrd_yu 100 8
0.024633884429932 500 pthrd_yu 100 8
0.024843215942383 500 pthrd_yu 100 8
0.025098085403442 500 pthrd_yu 100 8
0.024913072586060 500 pthrd_yu 100 8
0.035301923751831 500 pthrd_yu 100 12
0.035178899765015 500 pthrd_yu 100 12
0.034959077835083 500 pthrd_yu 100 12
0.035489082336426 500 pthrd_yu 100 12
0.035198926925659 500 pthrd_yu 100 12
0.034952163696289 500 pthrd_yu 100 12
0.035573959350586 500 pthrd_yu 100 12
0.036201953887939 500 pthrd_yu 100 12
0.035737037658691 500 pthrd_yu 100 12
0.035465955734253 500 pthrd_yu 100 12
0.046005010604858 500 pthrd_yu 100 16
0.045785903930664 500 pthrd_yu 100 16
0.045428037643433 500 pthrd_yu 100 16
0.045712947845459 500 pthrd_yu 100 16
0.045635938644409 500 pthrd_yu 100 16
0.045985937118530 500 pthrd_yu 100 16
0.046033143997192 500 pthrd_yu 100 16
0.046368122100830 500 pthrd_yu 100 16
0.046839952468872 500 pthrd_yu 100 16
0.045644044876099 500 pthrd_yu 100 16
0.027292013168335 1000 pthrd_yu 100 4
0.027312994003296 1000 pthrd_yu 100 4
0.029295921325684 1000 pthrd_yu 100 4
0.028354883193970 1000 pthrd_yu 100 4
0.029018878936768 1000 pthrd_yu 100 4
0.028040170669556 1000 pthrd_yu 100 4
0.028815031051636 1000 pthrd_yu 100 4
0.028302192687988 1000 pthrd_yu 100 4
0.027855157852173 1000 pthrd_yu 100 4
0.028660058975220 1000 pthrd_yu 100 4
0.034430980682373 1000 pthrd_yu 100 8
0.032475948333740 1000 pthrd_yu 100 8
0.032766103744507 1000 pthrd_yu 100 8
0.036003828048706 1000 pthrd_yu 100 8
0.036329984664917 1000 pthrd_yu 100 8
0.031164169311523 1000 pthrd_yu 100 8
0.031089067459106 1000 pthrd_yu 100 8
0.035079956054688 1000 pthrd_yu 100 8
0.031948089599609 1000 pthrd_yu 100 8
0.031813144683838 1000 pthrd_yu 100 8
0.042108058929443 1000 pthrd_yu 100 12
0.042299032211304 1000 pthrd_yu 100 12
0.042262077331543 1000 pthrd_yu 100 12
0.041841030120850 1000 pthrd_yu 100 12
0.041900157928467 1000 pthrd_yu 100 12
0.042258977890015 1000 pthrd_yu 100 12
0.042418003082275 1000 pthrd_yu 100 12
0.041913986206055 1000 pthrd_yu 100 12
0.041947841644287 1000 pthrd_yu 100 12
0.041857957839966 1000 pthrd_yu 100 12
0.051945924758911 1000 pthrd_yu 100 16
0.051666975021362 1000 pthrd_yu 100 16
0.051753997802734 1000 pthrd_yu 100 16
0.051214218139648 1000 pthrd_yu 100 16
0.051722049713135 1000 pthrd_yu 100 16
0.050847053527832 1000 pthrd_yu 100 16
0.051911115646362 1000 pthrd_yu 100 16
0.052295923233032 1000 pthrd_yu 100 16
0.051358938217163 1000 pthrd_yu 100 16
0.051409006118774 1000 pthrd_yu 100 16
0.068006038665771 2000 pthrd_yu 100 4
0.079612970352173 2000 pthrd_yu 100 4
0.077503919601440 2000 pthrd_yu 100 4
0.075269937515259 2000 pthrd_yu 100 4
0.079353094100952 2000 pthrd_yu 100 4
0.076589822769165 2000 pthrd_yu 100 4
0.077790975570679 2000 pthrd_yu 100 4
0.077731847763062 2000 pthrd_yu 100 4
0.075824975967407 2000 pthrd_yu 100 4
0.078573942184448 2000 pthrd_yu 100 4
0.060810089111328 2000 pthrd_yu 100 8
0.074473142623901 2000 pthrd_yu 100 8
0.056352853775024 2000 pthrd_yu 100 8
0.055229902267456 2000 pthrd_yu 100 8
0.055440187454224 2000 pthrd_yu 100 8
0.053672075271606 2000 pthrd_yu 100 8
0.064229965209961 2000 pthrd_yu 100 8
0.055183887481689 2000 pthrd_yu 100 8
0.057924985885620 2000 pthrd_yu 100 8
0.053772926330566 2000 pthrd_yu 100 8
0.070908069610596 2000 pthrd_yu 100 12
0.071161031723022 2000 pthrd_yu 100 12
0.071843147277832 2000 pthrd_yu 100 12
0.072154998779297 2000 pthrd_yu 100 12
0.071549177169800 2000 pthrd_yu 100 12
0.072134017944336 2000 pthrd_yu 100 12
0.071578979492188 2000 pthrd_yu 100 12
0.070888042449951 2000 pthrd_yu 100 12
0.071460962295532 2000 pthrd_yu 100 12
0.071944952011108 2000 pthrd_yu 100 12
0.076514005661011 2000 pthrd_yu 100 16
0.075490951538086 2000 pthrd_yu 100 16
0.075839996337891 2000 pthrd_yu 100 16
0.075869083404541 2000 pthrd_yu 100 16
0.075654983520508 2000 pthrd_yu 100 16
0.075819969177246 2000 pthrd_yu 100 16
0.075459003448486 2000 pthrd_yu 100 16
0.075112104415894 2000 pthrd_yu 100 16
0.075773954391479 2000 pthrd_yu 100 16
0.076364040374756 2000 pthrd_yu 100 16
0.374294996261597 5000 pthrd_yu 100 4
0.367496967315674 5000 pthrd_yu 100 4
0.369943141937256 5000 pthrd_yu 100 4
0.364428043365479 5000 pthrd_yu 100 4
0.376536130905151 5000 pthrd_yu 100 4
0.374827861785889 5000 pthrd_yu 100 4
0.366683006286621 5000 pthrd_yu 100 4
0.361590147018433 5000 pthrd_yu 100 4
0.362519025802612 5000 pthrd_yu 100 4
0.360600948333740 5000 pthrd_yu 100 4
0.246765136718750 5000 pthrd_yu 100 8
0.252478122711182 5000 pthrd_yu 100 8
0.225363969802856 5000 pthrd_yu 100 8
0.233921051025391 5000 pthrd_yu 100 8
0.246995925903320 5000 pthrd_yu 100 8
0.240088939666748 5000 pthrd_yu 100 8
0.254920959472656 5000 pthrd_yu 100 8
0.222209930419922 5000 pthrd_yu 100 8
0.233747005462646 5000 pthrd_yu 100 8
0.228220939636230 5000 pthrd_yu 100 8
0.262789011001587 5000 pthrd_yu 100 12
0.263494968414307 5000 pthrd_yu 100 12
0.265982866287231 5000 pthrd_yu 100 12
0.265311002731323 5000 pthrd_yu 100 12
0.264153003692627 5000 pthrd_yu 100 12
0.264742136001587 5000 pthrd_yu 100 12
0.264283895492554 5000 pthrd_yu 100 12
0.265364885330200 5000 pthrd_yu 100 12
0.263167858123779 5000 pthrd_yu 100 12
0.264502048492432 5000 pthrd_yu 100 12
0.230367183685303 5000 pthrd_yu 100 16
0.228674173355103 5000 pthrd_yu 100 16
0.231254100799561 5000 pthrd_yu 100 16
0.226543903350830 5000 pthrd_yu 100 16
0.225301980972290 5000 pthrd_yu 100 16
0.225364923477173 5000 pthrd_yu 100 16
0.232896089553833 5000 pthrd_yu 100 16
0.227497100830078 5000 pthrd_yu 100 16
2.464489221572876 5000 pthrd_yu 100 16
0.226063013076782 5000 pthrd_yu 100 16
0.726531982421875 7000 pthrd_yu 100 4
0.724801063537598 7000 pthrd_yu 100 4
0.719011783599854 7000 pthrd_yu 100 4
0.707673072814941 7000 pthrd_yu 100 4
0.745723962783813 7000 pthrd_yu 100 4
0.730952024459839 7000 pthrd_yu 100 4
0.725220918655396 7000 pthrd_yu 100 4
0.746555089950562 7000 pthrd_yu 100 4
0.737742900848389 7000 pthrd_yu 100 4
0.761657953262329 7000 pthrd_yu 100 4
0.470449924468994 7000 pthrd_yu 100 8
0.436033964157104 7000 pthrd_yu 100 8
0.456692934036255 7000 pthrd_yu 100 8
0.443236112594604 7000 pthrd_yu 100 8
0.462132930755615 7000 pthrd_yu 100 8
0.446285963058472 7000 pthrd_yu 100 8
0.432555913925171 7000 pthrd_yu 100 8
0.472898960113525 7000 pthrd_yu 100 8
0.442774057388306 7000 pthrd_yu 100 8
0.459105968475342 7000 pthrd_yu 100 8
0.477913141250610 7000 pthrd_yu 100 12
0.467834949493408 7000 pthrd_yu 100 12
0.470314979553223 7000 pthrd_yu 100 12
0.469194889068604 7000 pthrd_yu 100 12
0.469642162322998 7000 pthrd_yu 100 12
0.470558166503906 7000 pthrd_yu 100 12
0.470989942550659 7000 pthrd_yu 100 12
0.468668937683105 7000 pthrd_yu 100 12
0.469966888427734 7000 pthrd_yu 100 12
0.469489812850952 7000 pthrd_yu 100 12
0.398329973220825 7000 pthrd_yu 100 16
0.385294914245605 7000 pthrd_yu 100 16
0.399716854095459 7000 pthrd_yu 100 16
0.402034997940063 7000 pthrd_yu 100 16
0.389268875122070 7000 pthrd_yu 100 16
0.406191110610962 7000 pthrd_yu 100 16
0.390259981155396 7000 pthrd_yu 100 16
0.388024091720581 7000 pthrd_yu 100 16
0.390247821807861 7000 pthrd_yu 100 16
0.399061918258667 7000 pthrd_yu 100 16
1.541993856430054 10000 pthrd_yu 100 4
1.543351173400879 10000 pthrd_yu 100 4
1.566099166870117 10000 pthrd_yu 100 4
1.545629024505615 10000 pthrd_yu 100 4
1.503981113433838 10000 pthrd_yu 100 4
1.554862976074219 10000 pthrd_yu 100 4
1.456680059432983 10000 pthrd_yu 100 4
3.773513078689575 10000 pthrd_yu 100 4
1.493995189666748 10000 pthrd_yu 100 4
1.521107912063599 10000 pthrd_yu 100 4
0.973940134048462 10000 pthrd_yu 100 8
1.020622014999390 10000 pthrd_yu 100 8
0.974019050598145 10000 pthrd_yu 100 8
0.919564962387085 10000 pthrd_yu 100 8
0.941085815429688 10000 pthrd_yu 100 8
1.032124042510986 10000 pthrd_yu 100 8
0.912011861801147 10000 pthrd_yu 100 8
0.964891910552979 10000 pthrd_yu 100 8
0.986217021942139 10000 pthrd_yu 100 8
0.940084934234619 10000 pthrd_yu 100 8
0.906710863113403 10000 pthrd_yu 100 12
0.906444072723389 10000 pthrd_yu 100 12
0.905890226364136 10000 pthrd_yu 100 12
0.904697895050049 10000 pthrd_yu 100 12
0.905510902404785 10000 pthrd_yu 100 12
0.905448198318481 10000 pthrd_yu 100 12
0.904093027114868 10000 pthrd_yu 100 12
0.913884162902832 10000 pthrd_yu 100 12
0.921704053878784 10000 pthrd_yu 100 12
0.916412115097046 10000 pthrd_yu 100 12
0.743793010711670 10000 pthrd_yu 100 16
0.748312950134277 10000 pthrd_yu 100 16
0.751964092254639 10000 pthrd_yu 100 16
0.740835189819336 10000 pthrd_yu 100 16
0.750181913375854 10000 pthrd_yu 100 16
0.746829986572266 10000 pthrd_yu 100 16
0.759482145309448 10000 pthrd_yu 100 16
0.743160963058472 10000 pthrd_yu 100 16
0.759438991546631 10000 pthrd_yu 100 16
0.755277156829834 10000 pthrd_yu 100 16
0.000301837921143 10 omp 100 4
0.000290870666504 10 omp 100 4
0.000283002853394 10 omp 100 4
0.000305891036987 10 omp 100 4
0.000332832336426 10 omp 100 4
0.000295877456665 10 omp 100 4
0.000293016433716 10 omp 100 4
0.000287055969238 10 omp 100 4
0.000325918197632 10 omp 100 4
0.000288009643555 10 omp 100 4
0.000572919845581 10 omp 100 8
0.000527858734131 10 omp 100 8
0.000509023666382 10 omp 100 8
0.000520944595337 10 omp 100 8
0.000634193420410 10 omp 100 8
0.000519990921021 10 omp 100 8
0.000540971755981 10 omp 100 8
0.000535011291504 10 omp 100 8
0.000514030456543 10 omp 100 8
0.000524997711182 10 omp 100 8
0.000719785690308 10 omp 100 12
0.000741004943848 10 omp 100 12
0.000741958618164 10 omp 100 12
0.000762939453125 10 omp 100 12
0.000742912292480 10 omp 100 12
0.000755071640015 10 omp 100 12
0.000818014144897 10 omp 100 12
0.000736951828003 10 omp 100 12
0.000850915908813 10 omp 100 12
0.000741958618164 10 omp 100 12
0.000957965850830 10 omp 100 16
0.001073122024536 10 omp 100 16
0.001141071319580 10 omp 100 16
0.001145124435425 10 omp 100 16
0.001216173171997 10 omp 100 16
0.001071929931641 10 omp 100 16
0.000982999801636 10 omp 100 16
0.001166820526123 10 omp 100 16
0.001075029373169 10 omp 100 16
0.001003026962280 10 omp 100 16
0.000643968582153 100 omp 100 4
0.000676870346069 100 omp 100 4
0.000627040863037 100 omp 100 4
0.000659942626953 100 omp 100 4
0.000633955001831 100 omp 100 4
0.000612974166870 100 omp 100 4
0.000674962997437 100 omp 100 4
0.000629901885986 100 omp 100 4
0.000655889511108 100 omp 100 4
0.000659942626953 100 omp 100 4
0.000950098037720 100 omp 100 8
0.000955104827881 100 omp 100 8
0.000814914703369 100 omp 100 8
0.000851869583130 100 omp 100 8
0.000860929489136 100 omp 100 8
0.000921964645386 100 omp 100 8
0.000897169113159 100 omp 100 8
0.000908851623535 100 omp 100 8
0.000910997390747 100 omp 100 8
0.001008033752441 100 omp 100 8
0.001090049743652 100 omp 100 12
0.001049041748047 100 omp 100 12
0.001271009445190 100 omp 100 12
0.001065969467163 100 omp 100 12
0.001121997833252 100 omp 100 12
0.001101016998291 100 omp 100 12
0.001111984252930 100 omp 100 12
0.001113176345825 100 omp 100 12
0.001047134399414 100 omp 100 12
0.001097202301025 100 omp 100 12
0.001268148422241 100 omp 100 16
0.001892089843750 100 omp 100 16
0.001385927200317 100 omp 100 16
0.001338958740234 100 omp 100 16
0.001389026641846 100 omp 100 16
0.001321792602539 100 omp 100 16
0.001322031021118 100 omp 100 16
0.001362800598145 100 omp 100 16
0.001534938812256 100 omp 100 16
0.001339912414551 100 omp 100 16
0.004395961761475 500 omp 100 4
0.004894971847534 500 omp 100 4
0.004553794860840 500 omp 100 4
0.004652023315430 500 omp 100 4
0.004626989364624 500 omp 100 4
0.004982948303223 500 omp 100 4
0.004440069198608 500 omp 100 4
0.004436016082764 500 omp 100 4
0.004516124725342 500 omp 100 4
0.004393100738525 500 omp 100 4
0.003471136093140 500 omp 100 8
0.003369092941284 500 omp 100 8
0.003429889678955 500 omp 100 8
0.003338813781738 500 omp 100 8
0.003793001174927 500 omp 100 8
0.003174066543579 500 omp 100 8
0.003319025039673 500 omp 100 8
0.003725051879883 500 omp 100 8
0.003869056701660 500 omp 100 8
0.003272056579590 500 omp 100 8
0.003829002380371 500 omp 100 12
0.003520965576172 500 omp 100 12
0.003522157669067 500 omp 100 12
0.003480195999146 500 omp 100 12
0.003609895706177 500 omp 100 12
0.003424167633057 500 omp 100 12
0.003483057022095 500 omp 100 12
0.004064083099365 500 omp 100 12
0.003665208816528 500 omp 100 12
0.003308057785034 500 omp 100 12
0.006049871444702 500 omp 100 16
0.004832029342651 500 omp 100 16
0.004302024841309 500 omp 100 16
0.003642082214355 500 omp 100 16
0.003715991973877 500 omp 100 16
0.004888772964478 500 omp 100 16
0.004976034164429 500 omp 100 16
0.003854036331177 500 omp 100 16
0.005084037780762 500 omp 100 16
0.003822088241577 500 omp 100 16
0.015059947967529 1000 omp 100 4
0.015144109725952 1000 omp 100 4
0.014938116073608 1000 omp 100 4
0.015091180801392 1000 omp 100 4
0.015676975250244 1000 omp 100 4
0.015965938568115 1000 omp 100 4
0.015957832336426 1000 omp 100 4
0.015169858932495 1000 omp 100 4
0.015236139297485 1000 omp 100 4
0.015112876892090 1000 omp 100 4
0.009703874588013 1000 omp 100 8
0.009119033813477 1000 omp 100 8
0.008797168731689 1000 omp 100 8
0.009033918380737 1000 omp 100 8
0.009440183639526 1000 omp 100 8
0.009307861328125 1000 omp 100 8
0.010737180709839 1000 omp 100 8
0.009355068206787 1000 omp 100 8
0.010027885437012 1000 omp 100 8
0.008900165557861 1000 omp 100 8
0.009311914443970 1000 omp 100 12
0.009369850158691 1000 omp 100 12
0.009227991104126 1000 omp 100 12
0.009557962417603 1000 omp 100 12
0.009469032287598 1000 omp 100 12
0.009253025054932 1000 omp 100 12
0.009253978729248 1000 omp 100 12
0.009649038314819 1000 omp 100 12
0.009303092956543 1000 omp 100 12
0.009143829345703 1000 omp 100 12
0.015759944915771 1000 omp 100 16
0.009804964065552 1000 omp 100 16
0.011601924896240 1000 omp 100 16
0.099443912506104 1000 omp 100 16
0.011026859283447 1000 omp 100 16
0.009723901748657 1000 omp 100 16
0.011048078536987 1000 omp 100 16
0.009933948516846 1000 omp 100 16
0.012329101562500 1000 omp 100 16
0.010447978973389 1000 omp 100 16
0.059362888336182 2000 omp 100 4
0.057219982147217 2000 omp 100 4
0.055580139160156 2000 omp 100 4
0.059731960296631 2000 omp 100 4
0.065923929214478 2000 omp 100 4
0.068512916564941 2000 omp 100 4
0.059037923812866 2000 omp 100 4
0.062004089355469 2000 omp 100 4
0.058951854705811 2000 omp 100 4
0.058012962341309 2000 omp 100 4
0.036853075027466 2000 omp 100 8
0.031988143920898 2000 omp 100 8
0.033929109573364 2000 omp 100 8
0.035521030426025 2000 omp 100 8
0.037097930908203 2000 omp 100 8
0.035753011703491 2000 omp 100 8
0.039756059646606 2000 omp 100 8
0.036771059036255 2000 omp 100 8
0.035995960235596 2000 omp 100 8
0.035607099533081 2000 omp 100 8
0.030477046966553 2000 omp 100 12
0.031045198440552 2000 omp 100 12
0.032347917556763 2000 omp 100 12
0.031220912933350 2000 omp 100 12
0.031970977783203 2000 omp 100 12
0.033860206604004 2000 omp 100 12
0.030405998229980 2000 omp 100 12
0.032829046249390 2000 omp 100 12
2.277996063232422 2000 omp 100 12
0.031852960586548 2000 omp 100 12
0.035193920135498 2000 omp 100 16
0.031203985214233 2000 omp 100 16
0.043635129928589 2000 omp 100 16
0.053877115249634 2000 omp 100 16
0.033814907073975 2000 omp 100 16
0.034570932388306 2000 omp 100 16
0.032539129257202 2000 omp 100 16
0.035799980163574 2000 omp 100 16
0.031183004379272 2000 omp 100 16
0.032146930694580 2000 omp 100 16
0.370380878448486 5000 omp 100 4
0.401750087738037 5000 omp 100 4
0.391299009323120 5000 omp 100 4
0.408766984939575 5000 omp 100 4
0.366370916366577 5000 omp 100 4
0.375209093093872 5000 omp 100 4
0.379935979843140 5000 omp 100 4
0.370337009429932 5000 omp 100 4
0.355618000030518 5000 omp 100 4
0.380042076110840 5000 omp 100 4
0.231616973876953 5000 omp 100 8
0.209807872772217 5000 omp 100 8
0.224251031875610 5000 omp 100 8
0.212819814682007 5000 omp 100 8
0.225239992141724 5000 omp 100 8
0.224318027496338 5000 omp 100 8
0.221678018569946 5000 omp 100 8
0.219048976898193 5000 omp 100 8
0.223063945770264 5000 omp 100 8
0.219923973083496 5000 omp 100 8
0.181746006011963 5000 omp 100 12
0.182639122009277 5000 omp 100 12
0.184654951095581 5000 omp 100 12
0.186062097549438 5000 omp 100 12
0.187059879302979 5000 omp 100 12
0.184098958969116 5000 omp 100 12
0.187154054641724 5000 omp 100 12
0.191557884216309 5000 omp 100 12
0.179347038269043 5000 omp 100 12
0.182746171951294 5000 omp 100 12
0.182815074920654 5000 omp 100 16
0.191643953323364 5000 omp 100 16
0.199929952621460 5000 omp 100 16
0.245836019515991 5000 omp 100 16
0.181668996810913 5000 omp 100 16
0.185319900512695 5000 omp 100 16
0.213818073272705 5000 omp 100 16
0.202537059783936 5000 omp 100 16
0.245112895965576 5000 omp 100 16
0.187352895736694 5000 omp 100 16
0.734032869338989 7000 omp 100 4
0.763411998748779 7000 omp 100 4
0.774669885635376 7000 omp 100 4
0.728209018707275 7000 omp 100 4
0.696888923645020 7000 omp 100 4
0.758360147476196 7000 omp 100 4
0.720088958740234 7000 omp 100 4
0.747014045715332 7000 omp 100 4
0.723664045333862 7000 omp 100 4
0.713042020797729 7000 omp 100 4
0.420981884002686 7000 omp 100 8
0.425410032272339 7000 omp 100 8
0.434767007827759 7000 omp 100 8
0.417654037475586 7000 omp 100 8
0.434259176254272 7000 omp 100 8
0.415001869201660 7000 omp 100 8
0.420100212097168 7000 omp 100 8
0.415590047836304 7000 omp 100 8
0.420760154724121 7000 omp 100 8
0.419704914093018 7000 omp 100 8
0.352217197418213 7000 omp 100 12
0.351269006729126 7000 omp 100 12
0.348157882690430 7000 omp 100 12
0.345816135406494 7000 omp 100 12
0.352509975433350 7000 omp 100 12
0.351188898086548 7000 omp 100 12
0.355967044830322 7000 omp 100 12
0.351150989532471 7000 omp 100 12
0.351011037826538 7000 omp 100 12
0.344138145446777 7000 omp 100 12
0.353729963302612 7000 omp 100 16
0.350543975830078 7000 omp 100 16
0.394001960754395 7000 omp 100 16
0.350312948226929 7000 omp 100 16
0.344017982482910 7000 omp 100 16
0.386899948120117 7000 omp 100 16
0.344048976898193 7000 omp 100 16
0.344958066940308 7000 omp 100 16
0.397817134857178 7000 omp 100 16
0.341167926788330 7000 omp 100 16
1.469615936279297 10000 omp 100 4
1.489758014678955 10000 omp 100 4
1.511842012405396 10000 omp 100 4
1.479542970657349 10000 omp 100 4
1.514569997787476 10000 omp 100 4
1.538030862808228 10000 omp 100 4
1.523360967636108 10000 omp 100 4
1.502873897552490 10000 omp 100 4
1.478744029998779 10000 omp 100 4
1.519851207733154 10000 omp 100 4
0.881599903106689 10000 omp 100 8
0.866833925247192 10000 omp 100 8
0.875097990036011 10000 omp 100 8
4.179630994796753 10000 omp 100 8
0.858358860015869 10000 omp 100 8
0.860332012176514 10000 omp 100 8
0.834294795989990 10000 omp 100 8
0.885534048080444 10000 omp 100 8
0.879113912582397 10000 omp 100 8
0.882238149642944 10000 omp 100 8
0.727592945098877 10000 omp 100 12
0.713283061981201 10000 omp 100 12
0.722128152847290 10000 omp 100 12
0.721936225891113 10000 omp 100 12
0.726568222045898 10000 omp 100 12
0.717901945114136 10000 omp 100 12
0.723082065582275 10000 omp 100 12
0.731896877288818 10000 omp 100 12
0.723742008209229 10000 omp 100 12
0.720379114151001 10000 omp 100 12
0.722445964813232 10000 omp 100 16
0.716432809829712 10000 omp 100 16
0.690876960754395 10000 omp 100 16
0.697792053222656 10000 omp 100 16
0.722845077514648 10000 omp 100 16
0.677698135375977 10000 omp 100 16
0.705394029617310 10000 omp 100 16
0.708022117614746 10000 omp 100 16
0.689105987548828 10000 omp 100 16
0.713248968124390 10000 omp 100 16
