0.000028133392334 10 seq 100 1
0.000023841857910 10 seq 100 1
0.000024080276489 10 seq 100 1
0.000025033950806 10 seq 100 1
0.000023841857910 10 seq 100 1
0.000041007995605 10 seq 100 1
0.000030040740967 10 seq 100 1
0.000023841857910 10 seq 100 1
0.000024795532227 10 seq 100 1
0.000023841857910 10 seq 100 1
0.000562906265259 100 seq 100 1
0.000576972961426 100 seq 100 1
0.000543117523193 100 seq 100 1
0.000535011291504 100 seq 100 1
0.000535011291504 100 seq 100 1
0.000613927841187 100 seq 100 1
0.000535011291504 100 seq 100 1
0.000535964965820 100 seq 100 1
0.000570058822632 100 seq 100 1
0.000535964965820 100 seq 100 1
0.013118028640747 500 seq 100 1
0.012799978256226 500 seq 100 1
0.013080835342407 500 seq 100 1
0.012660980224609 500 seq 100 1
0.012689113616943 500 seq 100 1
0.012406110763550 500 seq 100 1
0.013123989105225 500 seq 100 1
0.013370990753174 500 seq 100 1
0.013393878936768 500 seq 100 1
0.012744903564453 500 seq 100 1
0.052993059158325 1000 seq 100 1
0.049152135848999 1000 seq 100 1
0.049407958984375 1000 seq 100 1
0.049288988113403 1000 seq 100 1
0.050968885421753 1000 seq 100 1
0.049558877944946 1000 seq 100 1
0.049216032028198 1000 seq 100 1
0.049202203750610 1000 seq 100 1
0.051837921142578 1000 seq 100 1
0.050875902175903 1000 seq 100 1
0.198434114456177 2000 seq 100 1
0.202374219894409 2000 seq 100 1
0.202432155609131 2000 seq 100 1
0.205033063888550 2000 seq 100 1
0.198273897171021 2000 seq 100 1
0.201038122177124 2000 seq 100 1
0.198187828063965 2000 seq 100 1
0.201822996139526 2000 seq 100 1
0.197703123092651 2000 seq 100 1
0.200004100799561 2000 seq 100 1
1.247273921966553 5000 seq 100 1
1.243790864944458 5000 seq 100 1
1.278775930404663 5000 seq 100 1
1.359775781631470 5000 seq 100 1
1.418123006820679 5000 seq 100 1
4.016798973083496 5000 seq 100 1
1.385538816452026 5000 seq 100 1
1.458518028259277 5000 seq 100 1
1.337939023971558 5000 seq 100 1
1.290879011154175 5000 seq 100 1
2.444001913070679 7000 seq 100 1
2.423690080642700 7000 seq 100 1
2.413763046264648 7000 seq 100 1
2.554154157638550 7000 seq 100 1
2.595536947250366 7000 seq 100 1
2.531887054443359 7000 seq 100 1
2.595667839050293 7000 seq 100 1
2.590661048889160 7000 seq 100 1
2.611841917037964 7000 seq 100 1
2.803617954254150 7000 seq 100 1
8.451153039932251 10000 seq 100 1
5.419430017471313 10000 seq 100 1
5.264811992645264 10000 seq 100 1
5.089677095413208 10000 seq 100 1
5.139722824096680 10000 seq 100 1
5.119390010833740 10000 seq 100 1
7.230781078338623 10000 seq 100 1
4.983598947525024 10000 seq 100 1
4.942545890808105 10000 seq 100 1
4.945605039596558 10000 seq 100 1
0.014636039733887 10 pthrd_o 100 4
0.012175083160400 10 pthrd_o 100 4
0.011435031890869 10 pthrd_o 100 4
0.010615110397339 10 pthrd_o 100 4
0.010656833648682 10 pthrd_o 100 4
0.010739088058472 10 pthrd_o 100 4
0.010584831237793 10 pthrd_o 100 4
0.010529994964600 10 pthrd_o 100 4
0.010478019714355 10 pthrd_o 100 4
0.010586977005005 10 pthrd_o 100 4
0.021470069885254 10 pthrd_o 100 8
0.021148920059204 10 pthrd_o 100 8
0.020950794219971 10 pthrd_o 100 8
0.021348953247070 10 pthrd_o 100 8
0.021281957626343 10 pthrd_o 100 8
0.021265983581543 10 pthrd_o 100 8
0.021425962448120 10 pthrd_o 100 8
0.021356105804443 10 pthrd_o 100 8
0.021421909332275 10 pthrd_o 100 8
0.021336078643799 10 pthrd_o 100 8
0.031769037246704 10 pthrd_o 100 12
0.031772136688232 10 pthrd_o 100 12
0.031538009643555 10 pthrd_o 100 12
0.032219171524048 10 pthrd_o 100 12
0.031669139862061 10 pthrd_o 100 12
0.032018899917603 10 pthrd_o 100 12
0.032166957855225 10 pthrd_o 100 12
0.031648874282837 10 pthrd_o 100 12
0.031998872756958 10 pthrd_o 100 12
0.032405853271484 10 pthrd_o 100 12
0.042391061782837 10 pthrd_o 100 16
0.042679071426392 10 pthrd_o 100 16
0.042637109756470 10 pthrd_o 100 16
0.042261123657227 10 pthrd_o 100 16
0.043040990829468 10 pthrd_o 100 16
0.043056011199951 10 pthrd_o 100 16
0.042698860168457 10 pthrd_o 100 16
0.042564868927002 10 pthrd_o 100 16
0.042062044143677 10 pthrd_o 100 16
0.043373107910156 10 pthrd_o 100 16
0.011167049407959 100 pthrd_o 100 4
0.011029005050659 100 pthrd_o 100 4
0.010813951492310 100 pthrd_o 100 4
0.010687112808228 100 pthrd_o 100 4
0.010921955108643 100 pthrd_o 100 4
0.010506868362427 100 pthrd_o 100 4
0.010911941528320 100 pthrd_o 100 4
0.010715007781982 100 pthrd_o 100 4
0.010739088058472 100 pthrd_o 100 4
0.010869979858398 100 pthrd_o 100 4
0.021569967269897 100 pthrd_o 100 8
0.021683931350708 100 pthrd_o 100 8
0.021214008331299 100 pthrd_o 100 8
0.021432876586914 100 pthrd_o 100 8
0.021100044250488 100 pthrd_o 100 8
0.021585941314697 100 pthrd_o 100 8
0.021206140518188 100 pthrd_o 100 8
0.021439790725708 100 pthrd_o 100 8
0.021125078201294 100 pthrd_o 100 8
0.021294116973877 100 pthrd_o 100 8
0.032037973403931 100 pthrd_o 100 12
0.031718015670776 100 pthrd_o 100 12
0.031932115554810 100 pthrd_o 100 12
0.032781839370728 100 pthrd_o 100 12
0.031526088714600 100 pthrd_o 100 12
0.031795024871826 100 pthrd_o 100 12
0.031773090362549 100 pthrd_o 100 12
0.032257080078125 100 pthrd_o 100 12
0.032474994659424 100 pthrd_o 100 12
0.032107114791870 100 pthrd_o 100 12
0.043261051177979 100 pthrd_o 100 16
0.043643951416016 100 pthrd_o 100 16
0.043129920959473 100 pthrd_o 100 16
0.043059825897217 100 pthrd_o 100 16
0.042687892913818 100 pthrd_o 100 16
0.042618989944458 100 pthrd_o 100 16
0.042587995529175 100 pthrd_o 100 16
0.042751073837280 100 pthrd_o 100 16
0.043039083480835 100 pthrd_o 100 16
0.042888879776001 100 pthrd_o 100 16
0.014477014541626 500 pthrd_o 100 4
0.015132904052734 500 pthrd_o 100 4
0.014735937118530 500 pthrd_o 100 4
0.017456054687500 500 pthrd_o 100 4
0.014755010604858 500 pthrd_o 100 4
0.014316082000732 500 pthrd_o 100 4
0.014353036880493 500 pthrd_o 100 4
0.016051054000854 500 pthrd_o 100 4
0.014667987823486 500 pthrd_o 100 4
0.014786005020142 500 pthrd_o 100 4
0.024470806121826 500 pthrd_o 100 8
0.024528980255127 500 pthrd_o 100 8
0.024181842803955 500 pthrd_o 100 8
0.023772001266479 500 pthrd_o 100 8
0.024035930633545 500 pthrd_o 100 8
0.023931980133057 500 pthrd_o 100 8
0.024220943450928 500 pthrd_o 100 8
0.024121046066284 500 pthrd_o 100 8
0.023607015609741 500 pthrd_o 100 8
0.023771047592163 500 pthrd_o 100 8
0.034113883972168 500 pthrd_o 100 12
0.033915996551514 500 pthrd_o 100 12
0.034432172775269 500 pthrd_o 100 12
0.034193992614746 500 pthrd_o 100 12
0.034100055694580 500 pthrd_o 100 12
0.034199953079224 500 pthrd_o 100 12
0.034358024597168 500 pthrd_o 100 12
0.034640073776245 500 pthrd_o 100 12
0.034276008605957 500 pthrd_o 100 12
0.034012079238892 500 pthrd_o 100 12
0.044816970825195 500 pthrd_o 100 16
0.044333934783936 500 pthrd_o 100 16
0.044209003448486 500 pthrd_o 100 16
0.044263124465942 500 pthrd_o 100 16
0.044215917587280 500 pthrd_o 100 16
0.044405937194824 500 pthrd_o 100 16
0.044110059738159 500 pthrd_o 100 16
0.044708013534546 500 pthrd_o 100 16
0.044734954833984 500 pthrd_o 100 16
0.044427871704102 500 pthrd_o 100 16
0.025851964950562 1000 pthrd_o 100 4
0.026118993759155 1000 pthrd_o 100 4
0.026625156402588 1000 pthrd_o 100 4
0.026092052459717 1000 pthrd_o 100 4
0.026732921600342 1000 pthrd_o 100 4
0.025813102722168 1000 pthrd_o 100 4
0.027070999145508 1000 pthrd_o 100 4
0.026219844818115 1000 pthrd_o 100 4
0.026039123535156 1000 pthrd_o 100 4
0.025810956954956 1000 pthrd_o 100 4
0.031423091888428 1000 pthrd_o 100 8
0.029290914535522 1000 pthrd_o 100 8
0.029386043548584 1000 pthrd_o 100 8
0.029249906539917 1000 pthrd_o 100 8
0.029579877853394 1000 pthrd_o 100 8
0.034852981567383 1000 pthrd_o 100 8
0.033744096755981 1000 pthrd_o 100 8
0.030413150787354 1000 pthrd_o 100 8
0.029712915420532 1000 pthrd_o 100 8
0.029150962829590 1000 pthrd_o 100 8
0.038728952407837 1000 pthrd_o 100 12
0.038367986679077 1000 pthrd_o 100 12
0.037940025329590 1000 pthrd_o 100 12
0.037869930267334 1000 pthrd_o 100 12
0.037930011749268 1000 pthrd_o 100 12
0.037967920303345 1000 pthrd_o 100 12
0.037892103195190 1000 pthrd_o 100 12
0.039191007614136 1000 pthrd_o 100 12
0.038419008255005 1000 pthrd_o 100 12
0.038071870803833 1000 pthrd_o 100 12
0.048145055770874 1000 pthrd_o 100 16
0.047338008880615 1000 pthrd_o 100 16
0.047393083572388 1000 pthrd_o 100 16
0.047917842864990 1000 pthrd_o 100 16
0.047656059265137 1000 pthrd_o 100 16
0.046940088272095 1000 pthrd_o 100 16
0.046949863433838 1000 pthrd_o 100 16
0.047474861145020 1000 pthrd_o 100 16
0.047331094741821 1000 pthrd_o 100 16
0.048217058181763 1000 pthrd_o 100 16
0.068692922592163 2000 pthrd_o 100 4
0.075684070587158 2000 pthrd_o 100 4
0.073700189590454 2000 pthrd_o 100 4
0.074153900146484 2000 pthrd_o 100 4
0.074027061462402 2000 pthrd_o 100 4
0.073373079299927 2000 pthrd_o 100 4
0.067239999771118 2000 pthrd_o 100 4
0.071194171905518 2000 pthrd_o 100 4
0.076483011245728 2000 pthrd_o 100 4
0.076714038848877 2000 pthrd_o 100 4
0.056850910186768 2000 pthrd_o 100 8
0.050686120986938 2000 pthrd_o 100 8
0.051870107650757 2000 pthrd_o 100 8
0.052258014678955 2000 pthrd_o 100 8
0.074151992797852 2000 pthrd_o 100 8
0.052458047866821 2000 pthrd_o 100 8
0.051203966140747 2000 pthrd_o 100 8
0.050143957138062 2000 pthrd_o 100 8
0.055599927902222 2000 pthrd_o 100 8
0.056794881820679 2000 pthrd_o 100 8
0.065183162689209 2000 pthrd_o 100 12
0.065158128738403 2000 pthrd_o 100 12
0.064908981323242 2000 pthrd_o 100 12
0.065101146697998 2000 pthrd_o 100 12
0.065233945846558 2000 pthrd_o 100 12
0.065461874008179 2000 pthrd_o 100 12
0.065240859985352 2000 pthrd_o 100 12
0.065205097198486 2000 pthrd_o 100 12
0.065158128738403 2000 pthrd_o 100 12
0.064815044403076 2000 pthrd_o 100 12
0.072582006454468 2000 pthrd_o 100 16
0.069586992263794 2000 pthrd_o 100 16
0.069944143295288 2000 pthrd_o 100 16
0.069838047027588 2000 pthrd_o 100 16
0.069298028945923 2000 pthrd_o 100 16
0.069909095764160 2000 pthrd_o 100 16
0.070082187652588 2000 pthrd_o 100 16
0.069671869277954 2000 pthrd_o 100 16
0.069355010986328 2000 pthrd_o 100 16
0.069476842880249 2000 pthrd_o 100 16
0.365446090698242 5000 pthrd_o 100 4
0.370713949203491 5000 pthrd_o 100 4
0.353086948394775 5000 pthrd_o 100 4
0.365710020065308 5000 pthrd_o 100 4
0.369828939437866 5000 pthrd_o 100 4
0.360004186630249 5000 pthrd_o 100 4
0.356728076934814 5000 pthrd_o 100 4
0.380553007125854 5000 pthrd_o 100 4
0.362588167190552 5000 pthrd_o 100 4
0.374473094940186 5000 pthrd_o 100 4
0.223037958145142 5000 pthrd_o 100 8
0.216383934020996 5000 pthrd_o 100 8
0.241155862808228 5000 pthrd_o 100 8
0.255391120910645 5000 pthrd_o 100 8
0.226107835769653 5000 pthrd_o 100 8
0.214977979660034 5000 pthrd_o 100 8
0.221268892288208 5000 pthrd_o 100 8
0.270776033401489 5000 pthrd_o 100 8
0.224337100982666 5000 pthrd_o 100 8
0.216412067413330 5000 pthrd_o 100 8
3.268321037292480 5000 pthrd_o 100 12
0.256366968154907 5000 pthrd_o 100 12
0.254817008972168 5000 pthrd_o 100 12
0.255116939544678 5000 pthrd_o 100 12
0.253623962402344 5000 pthrd_o 100 12
0.254568099975586 5000 pthrd_o 100 12
0.255114793777466 5000 pthrd_o 100 12
0.254834890365601 5000 pthrd_o 100 12
0.256613969802856 5000 pthrd_o 100 12
0.258373975753784 5000 pthrd_o 100 12
0.232767820358276 5000 pthrd_o 100 16
0.217985868453979 5000 pthrd_o 100 16
0.231930017471313 5000 pthrd_o 100 16
0.213784933090210 5000 pthrd_o 100 16
0.221617937088013 5000 pthrd_o 100 16
0.225872993469238 5000 pthrd_o 100 16
0.224375963211060 5000 pthrd_o 100 16
0.222184181213379 5000 pthrd_o 100 16
0.213447093963623 5000 pthrd_o 100 16
0.219207048416138 5000 pthrd_o 100 16
0.704674005508423 7000 pthrd_o 100 4
0.700945138931274 7000 pthrd_o 100 4
0.725014925003052 7000 pthrd_o 100 4
0.715420007705688 7000 pthrd_o 100 4
0.721146106719971 7000 pthrd_o 100 4
0.708955049514771 7000 pthrd_o 100 4
0.729637145996094 7000 pthrd_o 100 4
0.729796171188354 7000 pthrd_o 100 4
0.720013856887817 7000 pthrd_o 100 4
0.729233026504517 7000 pthrd_o 100 4
0.424238204956055 7000 pthrd_o 100 8
0.409383058547974 7000 pthrd_o 100 8
0.428175210952759 7000 pthrd_o 100 8
0.457835912704468 7000 pthrd_o 100 8
0.460794925689697 7000 pthrd_o 100 8
0.444298028945923 7000 pthrd_o 100 8
0.444197893142700 7000 pthrd_o 100 8
0.416481971740723 7000 pthrd_o 100 8
0.404546022415161 7000 pthrd_o 100 8
0.453505992889404 7000 pthrd_o 100 8
0.449970006942749 7000 pthrd_o 100 12
0.450372934341431 7000 pthrd_o 100 12
0.449759960174561 7000 pthrd_o 100 12
0.457426071166992 7000 pthrd_o 100 12
0.449515104293823 7000 pthrd_o 100 12
0.450622081756592 7000 pthrd_o 100 12
0.448907136917114 7000 pthrd_o 100 12
0.449672222137451 7000 pthrd_o 100 12
0.450150012969971 7000 pthrd_o 100 12
0.450555086135864 7000 pthrd_o 100 12
0.383365869522095 7000 pthrd_o 100 16
0.370800971984863 7000 pthrd_o 100 16
0.364591836929321 7000 pthrd_o 100 16
0.384357929229736 7000 pthrd_o 100 16
0.386928796768188 7000 pthrd_o 100 16
0.389319896697998 7000 pthrd_o 100 16
0.372292995452881 7000 pthrd_o 100 16
0.364521026611328 7000 pthrd_o 100 16
0.379894971847534 7000 pthrd_o 100 16
0.370471954345703 7000 pthrd_o 100 16
1.494987964630127 10000 pthrd_o 100 4
1.561544179916382 10000 pthrd_o 100 4
1.572888135910034 10000 pthrd_o 100 4
1.506054878234863 10000 pthrd_o 100 4
1.489787101745605 10000 pthrd_o 100 4
4.166029930114746 10000 pthrd_o 100 4
1.527339220046997 10000 pthrd_o 100 4
1.516304016113281 10000 pthrd_o 100 4
1.529299020767212 10000 pthrd_o 100 4
1.531373023986816 10000 pthrd_o 100 4
0.983337163925171 10000 pthrd_o 100 8
0.992980003356934 10000 pthrd_o 100 8
0.936724185943604 10000 pthrd_o 100 8
0.949597835540771 10000 pthrd_o 100 8
0.918087959289551 10000 pthrd_o 100 8
0.932345867156982 10000 pthrd_o 100 8
0.929603099822998 10000 pthrd_o 100 8
0.907381057739258 10000 pthrd_o 100 8
0.946992874145508 10000 pthrd_o 100 8
0.968056917190552 10000 pthrd_o 100 8
0.898472070693970 10000 pthrd_o 100 12
0.888037919998169 10000 pthrd_o 100 12
0.888079881668091 10000 pthrd_o 100 12
0.887104034423828 10000 pthrd_o 100 12
0.887324810028076 10000 pthrd_o 100 12
0.889110088348389 10000 pthrd_o 100 12
0.888031005859375 10000 pthrd_o 100 12
0.887809038162231 10000 pthrd_o 100 12
0.886546134948730 10000 pthrd_o 100 12
0.888915061950684 10000 pthrd_o 100 12
0.746925115585327 10000 pthrd_o 100 16
0.712205171585083 10000 pthrd_o 100 16
0.745218992233276 10000 pthrd_o 100 16
0.721725940704346 10000 pthrd_o 100 16
0.739244222640991 10000 pthrd_o 100 16
0.721799850463867 10000 pthrd_o 100 16
0.744165182113647 10000 pthrd_o 100 16
0.735153913497925 10000 pthrd_o 100 16
3.444041013717651 10000 pthrd_o 100 16
0.728362083435059 10000 pthrd_o 100 16
0.010964870452881 10 pthrd_yu 100 4
0.011096954345703 10 pthrd_yu 100 4
0.011136054992676 10 pthrd_yu 100 4
0.011296033859253 10 pthrd_yu 100 4
0.011302947998047 10 pthrd_yu 100 4
0.011301040649414 10 pthrd_yu 100 4
0.011214971542358 10 pthrd_yu 100 4
0.011342048645020 10 pthrd_yu 100 4
0.011310100555420 10 pthrd_yu 100 4
0.012024879455566 10 pthrd_yu 100 4
0.022429943084717 10 pthrd_yu 100 8
0.022258996963501 10 pthrd_yu 100 8
0.022230863571167 10 pthrd_yu 100 8
0.021930217742920 10 pthrd_yu 100 8
0.022047042846680 10 pthrd_yu 100 8
0.022111892700195 10 pthrd_yu 100 8
0.022140026092529 10 pthrd_yu 100 8
0.022070884704590 10 pthrd_yu 100 8
0.022468090057373 10 pthrd_yu 100 8
0.024314880371094 10 pthrd_yu 100 8
0.034144163131714 10 pthrd_yu 100 12
0.033965110778809 10 pthrd_yu 100 12
0.033638000488281 10 pthrd_yu 100 12
0.033393144607544 10 pthrd_yu 100 12
0.033087015151978 10 pthrd_yu 100 12
0.033022880554199 10 pthrd_yu 100 12
0.032907962799072 10 pthrd_yu 100 12
0.032995939254761 10 pthrd_yu 100 12
0.033205986022949 10 pthrd_yu 100 12
0.032979011535645 10 pthrd_yu 100 12
0.044692039489746 10 pthrd_yu 100 16
0.044032096862793 10 pthrd_yu 100 16
0.043771982192993 10 pthrd_yu 100 16
0.043979883193970 10 pthrd_yu 100 16
0.044368028640747 10 pthrd_yu 100 16
0.043771982192993 10 pthrd_yu 100 16
0.043838977813721 10 pthrd_yu 100 16
0.044440031051636 10 pthrd_yu 100 16
0.043737888336182 10 pthrd_yu 100 16
0.044214963912964 10 pthrd_yu 100 16
0.011493921279907 100 pthrd_yu 100 4
0.011290073394775 100 pthrd_yu 100 4
0.011426925659180 100 pthrd_yu 100 4
0.011691093444824 100 pthrd_yu 100 4
0.011340856552124 100 pthrd_yu 100 4
0.011443853378296 100 pthrd_yu 100 4
0.011268138885498 100 pthrd_yu 100 4
0.011363983154297 100 pthrd_yu 100 4
0.011270999908447 100 pthrd_yu 100 4
0.011224985122681 100 pthrd_yu 100 4
0.022984981536865 100 pthrd_yu 100 8
0.022840976715088 100 pthrd_yu 100 8
0.022466897964478 100 pthrd_yu 100 8
0.022213935852051 100 pthrd_yu 100 8
0.022587060928345 100 pthrd_yu 100 8
0.022372961044312 100 pthrd_yu 100 8
0.022578954696655 100 pthrd_yu 100 8
0.022636175155640 100 pthrd_yu 100 8
0.022779941558838 100 pthrd_yu 100 8
0.022573947906494 100 pthrd_yu 100 8
0.033515930175781 100 pthrd_yu 100 12
0.033572912216187 100 pthrd_yu 100 12
0.033589124679565 100 pthrd_yu 100 12
0.033255100250244 100 pthrd_yu 100 12
0.033043861389160 100 pthrd_yu 100 12
0.033604145050049 100 pthrd_yu 100 12
0.033432006835938 100 pthrd_yu 100 12
0.033507108688354 100 pthrd_yu 100 12
0.033674955368042 100 pthrd_yu 100 12
0.033874034881592 100 pthrd_yu 100 12
0.044409990310669 100 pthrd_yu 100 16
0.044578075408936 100 pthrd_yu 100 16
0.044308185577393 100 pthrd_yu 100 16
0.044383049011230 100 pthrd_yu 100 16
0.044552087783813 100 pthrd_yu 100 16
0.044141054153442 100 pthrd_yu 100 16
0.044035911560059 100 pthrd_yu 100 16
0.044290065765381 100 pthrd_yu 100 16
0.044418096542358 100 pthrd_yu 100 16
0.043979883193970 100 pthrd_yu 100 16
0.015682935714722 500 pthrd_yu 100 4
0.015743970870972 500 pthrd_yu 100 4
0.015280008316040 500 pthrd_yu 100 4
0.015480041503906 500 pthrd_yu 100 4
0.016219854354858 500 pthrd_yu 100 4
0.017053127288818 500 pthrd_yu 100 4
0.015515089035034 500 pthrd_yu 100 4
0.015732049942017 500 pthrd_yu 100 4
0.015542984008789 500 pthrd_yu 100 4
0.017452955245972 500 pthrd_yu 100 4
0.026226997375488 500 pthrd_yu 100 8
0.025717020034790 500 pthrd_yu 100 8
0.025128126144409 500 pthrd_yu 100 8
0.024964094161987 500 pthrd_yu 100 8
0.025209903717041 500 pthrd_yu 100 8
0.024852037429810 500 pthrd_yu 100 8
0.025518178939819 500 pthrd_yu 100 8
0.024826049804688 500 pthrd_yu 100 8
0.025106906890869 500 pthrd_yu 100 8
0.024991989135742 500 pthrd_yu 100 8
0.035981893539429 500 pthrd_yu 100 12
0.035647153854370 500 pthrd_yu 100 12
0.035074949264526 500 pthrd_yu 100 12
0.035506010055542 500 pthrd_yu 100 12
0.035792827606201 500 pthrd_yu 100 12
0.035998106002808 500 pthrd_yu 100 12
0.036540031433105 500 pthrd_yu 100 12
0.035109043121338 500 pthrd_yu 100 12
0.035708904266357 500 pthrd_yu 100 12
0.035752058029175 500 pthrd_yu 100 12
0.046042919158936 500 pthrd_yu 100 16
0.046190023422241 500 pthrd_yu 100 16
0.046364068984985 500 pthrd_yu 100 16
0.046379089355469 500 pthrd_yu 100 16
0.045737028121948 500 pthrd_yu 100 16
0.046228885650635 500 pthrd_yu 100 16
0.046191930770874 500 pthrd_yu 100 16
0.046826839447021 500 pthrd_yu 100 16
0.047876119613647 500 pthrd_yu 100 16
0.046252012252808 500 pthrd_yu 100 16
0.027114868164062 1000 pthrd_yu 100 4
0.026300907135010 1000 pthrd_yu 100 4
0.027686119079590 1000 pthrd_yu 100 4
0.029823064804077 1000 pthrd_yu 100 4
0.026288986206055 1000 pthrd_yu 100 4
0.028787136077881 1000 pthrd_yu 100 4
0.028097867965698 1000 pthrd_yu 100 4
0.029051065444946 1000 pthrd_yu 100 4
0.027291059494019 1000 pthrd_yu 100 4
0.027840852737427 1000 pthrd_yu 100 4
0.032845973968506 1000 pthrd_yu 100 8
0.032497167587280 1000 pthrd_yu 100 8
0.031975030899048 1000 pthrd_yu 100 8
0.031184911727905 1000 pthrd_yu 100 8
0.031876087188721 1000 pthrd_yu 100 8
0.032153129577637 1000 pthrd_yu 100 8
0.032319068908691 1000 pthrd_yu 100 8
0.031571865081787 1000 pthrd_yu 100 8
0.031754970550537 1000 pthrd_yu 100 8
0.031362056732178 1000 pthrd_yu 100 8
0.042351961135864 1000 pthrd_yu 100 12
0.042296886444092 1000 pthrd_yu 100 12
0.043061017990112 1000 pthrd_yu 100 12
0.042323827743530 1000 pthrd_yu 100 12
0.042392969131470 1000 pthrd_yu 100 12
0.042130947113037 1000 pthrd_yu 100 12
0.042910814285278 1000 pthrd_yu 100 12
0.042792797088623 1000 pthrd_yu 100 12
0.042902946472168 1000 pthrd_yu 100 12
0.042455196380615 1000 pthrd_yu 100 12
0.052663803100586 1000 pthrd_yu 100 16
0.051671028137207 1000 pthrd_yu 100 16
0.051717996597290 1000 pthrd_yu 100 16
0.051296949386597 1000 pthrd_yu 100 16
0.051105976104736 1000 pthrd_yu 100 16
0.051430940628052 1000 pthrd_yu 100 16
0.050457000732422 1000 pthrd_yu 100 16
0.052461862564087 1000 pthrd_yu 100 16
0.050961971282959 1000 pthrd_yu 100 16
0.051750898361206 1000 pthrd_yu 100 16
0.070167064666748 2000 pthrd_yu 100 4
0.072267055511475 2000 pthrd_yu 100 4
0.075657844543457 2000 pthrd_yu 100 4
0.079154014587402 2000 pthrd_yu 100 4
0.080652952194214 2000 pthrd_yu 100 4
0.076946973800659 2000 pthrd_yu 100 4
0.076318025588989 2000 pthrd_yu 100 4
0.082079887390137 2000 pthrd_yu 100 4
0.068142890930176 2000 pthrd_yu 100 4
0.072335958480835 2000 pthrd_yu 100 4
0.068256139755249 2000 pthrd_yu 100 8
0.058847904205322 2000 pthrd_yu 100 8
0.059662103652954 2000 pthrd_yu 100 8
0.057009935379028 2000 pthrd_yu 100 8
0.056740045547485 2000 pthrd_yu 100 8
0.057098150253296 2000 pthrd_yu 100 8
0.059930086135864 2000 pthrd_yu 100 8
0.056349992752075 2000 pthrd_yu 100 8
0.057667016983032 2000 pthrd_yu 100 8
0.056363105773926 2000 pthrd_yu 100 8
0.071836948394775 2000 pthrd_yu 100 12
0.071784019470215 2000 pthrd_yu 100 12
0.072209119796753 2000 pthrd_yu 100 12
0.071533918380737 2000 pthrd_yu 100 12
0.070939064025879 2000 pthrd_yu 100 12
0.071082830429077 2000 pthrd_yu 100 12
0.071372985839844 2000 pthrd_yu 100 12
0.071718931198120 2000 pthrd_yu 100 12
0.071812868118286 2000 pthrd_yu 100 12
0.071866035461426 2000 pthrd_yu 100 12
0.074676990509033 2000 pthrd_yu 100 16
0.074548959732056 2000 pthrd_yu 100 16
0.076410055160522 2000 pthrd_yu 100 16
0.074677944183350 2000 pthrd_yu 100 16
0.075923919677734 2000 pthrd_yu 100 16
0.074961900711060 2000 pthrd_yu 100 16
0.074658870697021 2000 pthrd_yu 100 16
0.074932813644409 2000 pthrd_yu 100 16
0.074594020843506 2000 pthrd_yu 100 16
0.074433088302612 2000 pthrd_yu 100 16
0.361244916915894 5000 pthrd_yu 100 4
0.370798110961914 5000 pthrd_yu 100 4
0.354374170303345 5000 pthrd_yu 100 4
0.373296022415161 5000 pthrd_yu 100 4
0.364454984664917 5000 pthrd_yu 100 4
0.356701135635376 5000 pthrd_yu 100 4
0.367682933807373 5000 pthrd_yu 100 4
0.366623163223267 5000 pthrd_yu 100 4
0.367732048034668 5000 pthrd_yu 100 4
0.368759870529175 5000 pthrd_yu 100 4
0.236661195755005 5000 pthrd_yu 100 8
0.233294010162354 5000 pthrd_yu 100 8
0.230574131011963 5000 pthrd_yu 100 8
0.237745046615601 5000 pthrd_yu 100 8
0.296716928482056 5000 pthrd_yu 100 8
0.235841035842896 5000 pthrd_yu 100 8
0.238299131393433 5000 pthrd_yu 100 8
0.259823083877563 5000 pthrd_yu 100 8
0.252933979034424 5000 pthrd_yu 100 8
0.231140851974487 5000 pthrd_yu 100 8
0.260895967483521 5000 pthrd_yu 100 12
0.260431051254272 5000 pthrd_yu 100 12
0.258759021759033 5000 pthrd_yu 100 12
0.257853031158447 5000 pthrd_yu 100 12
0.258177995681763 5000 pthrd_yu 100 12
0.260024070739746 5000 pthrd_yu 100 12
0.260021924972534 5000 pthrd_yu 100 12
0.259611129760742 5000 pthrd_yu 100 12
0.258970022201538 5000 pthrd_yu 100 12
0.261629104614258 5000 pthrd_yu 100 12
0.224196910858154 5000 pthrd_yu 100 16
0.241226911544800 5000 pthrd_yu 100 16
0.233005046844482 5000 pthrd_yu 100 16
0.222409009933472 5000 pthrd_yu 100 16
0.250449895858765 5000 pthrd_yu 100 16
0.249737024307251 5000 pthrd_yu 100 16
0.248070001602173 5000 pthrd_yu 100 16
0.247215986251831 5000 pthrd_yu 100 16
0.238323926925659 5000 pthrd_yu 100 16
0.229001998901367 5000 pthrd_yu 100 16
0.747412919998169 7000 pthrd_yu 100 4
0.733245134353638 7000 pthrd_yu 100 4
0.751893043518066 7000 pthrd_yu 100 4
0.712673902511597 7000 pthrd_yu 100 4
0.720152854919434 7000 pthrd_yu 100 4
0.707000970840454 7000 pthrd_yu 100 4
0.735894918441772 7000 pthrd_yu 100 4
0.726670026779175 7000 pthrd_yu 100 4
0.707699060440063 7000 pthrd_yu 100 4
0.721765041351318 7000 pthrd_yu 100 4
0.408483982086182 7000 pthrd_yu 100 8
0.454169034957886 7000 pthrd_yu 100 8
0.455549001693726 7000 pthrd_yu 100 8
0.441941976547241 7000 pthrd_yu 100 8
0.477671146392822 7000 pthrd_yu 100 8
0.452873945236206 7000 pthrd_yu 100 8
0.432166099548340 7000 pthrd_yu 100 8
0.437444925308228 7000 pthrd_yu 100 8
0.472355127334595 7000 pthrd_yu 100 8
0.431108951568604 7000 pthrd_yu 100 8
3.189392089843750 7000 pthrd_yu 100 12
0.471891164779663 7000 pthrd_yu 100 12
0.471004009246826 7000 pthrd_yu 100 12
0.495810031890869 7000 pthrd_yu 100 12
0.469495058059692 7000 pthrd_yu 100 12
0.478515863418579 7000 pthrd_yu 100 12
0.469437837600708 7000 pthrd_yu 100 12
0.472378969192505 7000 pthrd_yu 100 12
0.472085952758789 7000 pthrd_yu 100 12
0.468026876449585 7000 pthrd_yu 100 12
0.389746904373169 7000 pthrd_yu 100 16
0.399384975433350 7000 pthrd_yu 100 16
0.392328023910522 7000 pthrd_yu 100 16
0.398908853530884 7000 pthrd_yu 100 16
0.405508041381836 7000 pthrd_yu 100 16
0.385074138641357 7000 pthrd_yu 100 16
0.400563955307007 7000 pthrd_yu 100 16
0.396463155746460 7000 pthrd_yu 100 16
0.387598037719727 7000 pthrd_yu 100 16
0.397795915603638 7000 pthrd_yu 100 16
1.541337013244629 10000 pthrd_yu 100 4
1.521352052688599 10000 pthrd_yu 100 4
1.523533105850220 10000 pthrd_yu 100 4
1.489146947860718 10000 pthrd_yu 100 4
1.541988849639893 10000 pthrd_yu 100 4
1.441358089447021 10000 pthrd_yu 100 4
1.480738878250122 10000 pthrd_yu 100 4
1.492733955383301 10000 pthrd_yu 100 4
1.482782125473022 10000 pthrd_yu 100 4
1.506624937057495 10000 pthrd_yu 100 4
0.975242853164673 10000 pthrd_yu 100 8
0.917414903640747 10000 pthrd_yu 100 8
1.028600931167603 10000 pthrd_yu 100 8
1.016135931015015 10000 pthrd_yu 100 8
0.988656997680664 10000 pthrd_yu 100 8
0.964434862136841 10000 pthrd_yu 100 8
0.943045139312744 10000 pthrd_yu 100 8
0.934449911117554 10000 pthrd_yu 100 8
0.962471961975098 10000 pthrd_yu 100 8
3.659934997558594 10000 pthrd_yu 100 8
0.905359029769897 10000 pthrd_yu 100 12
0.904495954513550 10000 pthrd_yu 100 12
0.904876947402954 10000 pthrd_yu 100 12
0.907371997833252 10000 pthrd_yu 100 12
0.905025959014893 10000 pthrd_yu 100 12
0.904611110687256 10000 pthrd_yu 100 12
0.903746843338013 10000 pthrd_yu 100 12
0.905925035476685 10000 pthrd_yu 100 12
0.904946088790894 10000 pthrd_yu 100 12
0.903767108917236 10000 pthrd_yu 100 12
0.760815858840942 10000 pthrd_yu 100 16
0.753134012222290 10000 pthrd_yu 100 16
0.751738071441650 10000 pthrd_yu 100 16
0.736636161804199 10000 pthrd_yu 100 16
0.744682073593140 10000 pthrd_yu 100 16
0.761771917343140 10000 pthrd_yu 100 16
0.748379945755005 10000 pthrd_yu 100 16
0.742588996887207 10000 pthrd_yu 100 16
0.744502067565918 10000 pthrd_yu 100 16
0.744724988937378 10000 pthrd_yu 100 16
0.000391006469727 10 omp 100 4
0.000319957733154 10 omp 100 4
0.000306129455566 10 omp 100 4
0.000310897827148 10 omp 100 4
0.000324964523315 10 omp 100 4
0.000329971313477 10 omp 100 4
0.000307083129883 10 omp 100 4
0.000311851501465 10 omp 100 4
0.000297069549561 10 omp 100 4
0.000343084335327 10 omp 100 4
0.000534057617188 10 omp 100 8
0.000555992126465 10 omp 100 8
0.000565052032471 10 omp 100 8
0.000591993331909 10 omp 100 8
0.000647068023682 10 omp 100 8
0.000627994537354 10 omp 100 8
0.000542879104614 10 omp 100 8
0.000542879104614 10 omp 100 8
0.000574827194214 10 omp 100 8
0.000550031661987 10 omp 100 8
0.000755071640015 10 omp 100 12
0.000852108001709 10 omp 100 12
0.001039981842041 10 omp 100 12
0.000875949859619 10 omp 100 12
0.001168012619019 10 omp 100 12
0.000812053680420 10 omp 100 12
0.000849008560181 10 omp 100 12
0.000799894332886 10 omp 100 12
0.000771999359131 10 omp 100 12
0.000824928283691 10 omp 100 12
0.001116037368774 10 omp 100 16
0.001483201980591 10 omp 100 16
0.000966072082520 10 omp 100 16
0.000998020172119 10 omp 100 16
0.001010894775391 10 omp 100 16
0.003005981445312 10 omp 100 16
0.000987052917480 10 omp 100 16
0.001132965087891 10 omp 100 16
0.001726150512695 10 omp 100 16
0.000963926315308 10 omp 100 16
0.000564098358154 100 omp 100 4
0.000566005706787 100 omp 100 4
0.000746011734009 100 omp 100 4
0.000600099563599 100 omp 100 4
0.000597953796387 100 omp 100 4
0.000557184219360 100 omp 100 4
0.000591993331909 100 omp 100 4
0.000561952590942 100 omp 100 4
0.000555992126465 100 omp 100 4
0.000581979751587 100 omp 100 4
0.000735044479370 100 omp 100 8
0.000702857971191 100 omp 100 8
0.000972986221313 100 omp 100 8
0.000760078430176 100 omp 100 8
0.000815153121948 100 omp 100 8
0.000772953033447 100 omp 100 8
0.000731945037842 100 omp 100 8
0.000829935073853 100 omp 100 8
0.000705957412720 100 omp 100 8
0.000708818435669 100 omp 100 8
0.001029968261719 100 omp 100 12
0.001019001007080 100 omp 100 12
0.001024961471558 100 omp 100 12
0.001136064529419 100 omp 100 12
0.001034021377563 100 omp 100 12
0.000998020172119 100 omp 100 12
0.001214981079102 100 omp 100 12
0.001137971878052 100 omp 100 12
0.001042127609253 100 omp 100 12
0.001325845718384 100 omp 100 12
0.001511812210083 100 omp 100 16
0.001707077026367 100 omp 100 16
0.001335144042969 100 omp 100 16
0.001434087753296 100 omp 100 16
0.001613855361938 100 omp 100 16
0.001497030258179 100 omp 100 16
0.002557039260864 100 omp 100 16
0.001259803771973 100 omp 100 16
0.001415014266968 100 omp 100 16
0.001353025436401 100 omp 100 16
0.008993864059448 500 omp 100 4
0.006224870681763 500 omp 100 4
0.006208896636963 500 omp 100 4
0.006480932235718 500 omp 100 4
0.006423950195312 500 omp 100 4
0.006633043289185 500 omp 100 4
0.006390094757080 500 omp 100 4
0.006563186645508 500 omp 100 4
0.006340026855469 500 omp 100 4
0.006534099578857 500 omp 100 4
0.003736019134521 500 omp 100 8
0.003878116607666 500 omp 100 8
0.004164934158325 500 omp 100 8
0.003732204437256 500 omp 100 8
0.005100011825562 500 omp 100 8
0.003822803497314 500 omp 100 8
0.004209995269775 500 omp 100 8
0.003932952880859 500 omp 100 8
0.003893852233887 500 omp 100 8
0.003973007202148 500 omp 100 8
0.003206968307495 500 omp 100 12
0.004719972610474 500 omp 100 12
0.003678083419800 500 omp 100 12
0.003747940063477 500 omp 100 12
0.004129886627197 500 omp 100 12
0.003743886947632 500 omp 100 12
0.003684997558594 500 omp 100 12
0.003846883773804 500 omp 100 12
0.003599166870117 500 omp 100 12
0.003612041473389 500 omp 100 12
0.006921052932739 500 omp 100 16
0.003327131271362 500 omp 100 16
0.003863096237183 500 omp 100 16
0.004467964172363 500 omp 100 16
0.003869056701660 500 omp 100 16
0.004132032394409 500 omp 100 16
0.003659009933472 500 omp 100 16
0.003499984741211 500 omp 100 16
0.004405021667480 500 omp 100 16
0.005854129791260 500 omp 100 16
0.025133132934570 1000 omp 100 4
0.023768901824951 1000 omp 100 4
0.023512840270996 1000 omp 100 4
0.027809143066406 1000 omp 100 4
0.026739120483398 1000 omp 100 4
0.024525165557861 1000 omp 100 4
0.024204969406128 1000 omp 100 4
0.027835845947266 1000 omp 100 4
0.023756027221680 1000 omp 100 4
0.024075984954834 1000 omp 100 4
0.019099950790405 1000 omp 100 8
0.013113975524902 1000 omp 100 8
0.013471126556396 1000 omp 100 8
0.019261837005615 1000 omp 100 8
0.013566970825195 1000 omp 100 8
0.013031959533691 1000 omp 100 8
0.012999773025513 1000 omp 100 8
0.013240814208984 1000 omp 100 8
0.013290166854858 1000 omp 100 8
0.013793945312500 1000 omp 100 8
0.013549089431763 1000 omp 100 12
0.011662960052490 1000 omp 100 12
0.013085126876831 1000 omp 100 12
0.012257814407349 1000 omp 100 12
0.011713027954102 1000 omp 100 12
0.012704849243164 1000 omp 100 12
0.011961936950684 1000 omp 100 12
0.012750148773193 1000 omp 100 12
0.011771917343140 1000 omp 100 12
0.011762857437134 1000 omp 100 12
0.012139081954956 1000 omp 100 16
0.015431165695190 1000 omp 100 16
0.020781040191650 1000 omp 100 16
0.013113975524902 1000 omp 100 16
0.013221025466919 1000 omp 100 16
0.019133090972900 1000 omp 100 16
0.019763946533203 1000 omp 100 16
0.012832880020142 1000 omp 100 16
0.011749982833862 1000 omp 100 16
0.011779785156250 1000 omp 100 16
0.102265834808350 2000 omp 100 4
0.093636035919189 2000 omp 100 4
0.099658966064453 2000 omp 100 4
0.095351219177246 2000 omp 100 4
0.093815088272095 2000 omp 100 4
0.099259138107300 2000 omp 100 4
0.091240882873535 2000 omp 100 4
0.101250886917114 2000 omp 100 4
0.099419832229614 2000 omp 100 4
0.100681066513062 2000 omp 100 4
0.057670831680298 2000 omp 100 8
0.049669981002808 2000 omp 100 8
0.060082197189331 2000 omp 100 8
0.057016849517822 2000 omp 100 8
0.079376935958862 2000 omp 100 8
0.072213172912598 2000 omp 100 8
0.058537006378174 2000 omp 100 8
0.051462173461914 2000 omp 100 8
0.056877851486206 2000 omp 100 8
0.055730104446411 2000 omp 100 8
0.043277978897095 2000 omp 100 12
0.057415962219238 2000 omp 100 12
0.047318935394287 2000 omp 100 12
0.047480106353760 2000 omp 100 12
0.043265819549561 2000 omp 100 12
0.045905113220215 2000 omp 100 12
0.049978017807007 2000 omp 100 12
0.049932003021240 2000 omp 100 12
0.044115066528320 2000 omp 100 12
0.048794984817505 2000 omp 100 12
0.052004098892212 2000 omp 100 16
0.042821168899536 2000 omp 100 16
0.047677993774414 2000 omp 100 16
0.044357061386108 2000 omp 100 16
0.041765928268433 2000 omp 100 16
0.140974998474121 2000 omp 100 16
0.036090135574341 2000 omp 100 16
0.050065994262695 2000 omp 100 16
0.057905912399292 2000 omp 100 16
0.039344072341919 2000 omp 100 16
0.610899925231934 5000 omp 100 4
0.614603996276855 5000 omp 100 4
0.603188991546631 5000 omp 100 4
0.645498991012573 5000 omp 100 4
0.633016109466553 5000 omp 100 4
0.618660926818848 5000 omp 100 4
0.632835149765015 5000 omp 100 4
0.610431909561157 5000 omp 100 4
0.640848875045776 5000 omp 100 4
0.629487991333008 5000 omp 100 4
0.370824098587036 5000 omp 100 8
0.382903099060059 5000 omp 100 8
0.357998132705688 5000 omp 100 8
0.358057022094727 5000 omp 100 8
0.383517980575562 5000 omp 100 8
0.382243871688843 5000 omp 100 8
0.366193056106567 5000 omp 100 8
0.372377872467041 5000 omp 100 8
0.386261940002441 5000 omp 100 8
0.410759925842285 5000 omp 100 8
0.308141946792603 5000 omp 100 12
0.286724805831909 5000 omp 100 12
0.291532993316650 5000 omp 100 12
0.304080963134766 5000 omp 100 12
3.011223077774048 5000 omp 100 12
0.314961910247803 5000 omp 100 12
0.302935123443604 5000 omp 100 12
0.295327901840210 5000 omp 100 12
0.308926105499268 5000 omp 100 12
0.315507173538208 5000 omp 100 12
0.314869880676270 5000 omp 100 16
0.285393953323364 5000 omp 100 16
0.267896175384521 5000 omp 100 16
0.342293977737427 5000 omp 100 16
0.273587942123413 5000 omp 100 16
0.270744085311890 5000 omp 100 16
0.428233861923218 5000 omp 100 16
0.271235942840576 5000 omp 100 16
0.256283044815063 5000 omp 100 16
0.274420022964478 5000 omp 100 16
1.251847028732300 7000 omp 100 4
1.212005853652954 7000 omp 100 4
1.237583160400391 7000 omp 100 4
1.171293973922729 7000 omp 100 4
1.223344087600708 7000 omp 100 4
1.239599227905273 7000 omp 100 4
1.192377090454102 7000 omp 100 4
1.204347848892212 7000 omp 100 4
1.204965114593506 7000 omp 100 4
1.237035036087036 7000 omp 100 4
0.713141202926636 7000 omp 100 8
0.751176834106445 7000 omp 100 8
0.758019924163818 7000 omp 100 8
0.768162012100220 7000 omp 100 8
0.760110139846802 7000 omp 100 8
0.755330085754395 7000 omp 100 8
0.761605024337769 7000 omp 100 8
0.741686105728149 7000 omp 100 8
0.761352062225342 7000 omp 100 8
0.755322933197021 7000 omp 100 8
0.605939149856567 7000 omp 100 12
0.569860935211182 7000 omp 100 12
0.564171075820923 7000 omp 100 12
0.596153020858765 7000 omp 100 12
0.586910963058472 7000 omp 100 12
0.568340778350830 7000 omp 100 12
0.660555839538574 7000 omp 100 12
0.904405832290649 7000 omp 100 12
0.887562036514282 7000 omp 100 12
0.766659021377563 7000 omp 100 12
4.138723134994507 7000 omp 100 16
1.310466051101685 7000 omp 100 16
1.284895896911621 7000 omp 100 16
0.861509084701538 7000 omp 100 16
0.823075056076050 7000 omp 100 16
0.648370981216431 7000 omp 100 16
0.990134000778198 7000 omp 100 16
0.747974157333374 7000 omp 100 16
0.607077121734619 7000 omp 100 16
0.582589149475098 7000 omp 100 16
2.407254934310913 10000 omp 100 4
2.425988197326660 10000 omp 100 4
2.391371965408325 10000 omp 100 4
2.355697154998779 10000 omp 100 4
2.436964988708496 10000 omp 100 4
2.480660915374756 10000 omp 100 4
2.447993993759155 10000 omp 100 4
2.436630964279175 10000 omp 100 4
2.387022972106934 10000 omp 100 4
5.054746150970459 10000 omp 100 4
1.502310037612915 10000 omp 100 8
1.497044086456299 10000 omp 100 8
1.472774028778076 10000 omp 100 8
1.466742038726807 10000 omp 100 8
1.450040817260742 10000 omp 100 8
1.508605957031250 10000 omp 100 8
1.455410957336426 10000 omp 100 8
1.537963867187500 10000 omp 100 8
1.516499042510986 10000 omp 100 8
1.525377035140991 10000 omp 100 8
1.209525823593140 10000 omp 100 12
1.160576105117798 10000 omp 100 12
1.193466186523438 10000 omp 100 12
1.220077991485596 10000 omp 100 12
1.165235996246338 10000 omp 100 12
1.210419178009033 10000 omp 100 12
1.206809997558594 10000 omp 100 12
1.173681020736694 10000 omp 100 12
1.184807062149048 10000 omp 100 12
1.164097070693970 10000 omp 100 12
1.101160049438477 10000 omp 100 16
1.113203048706055 10000 omp 100 16
1.081686019897461 10000 omp 100 16
1.113451957702637 10000 omp 100 16
3.798370838165283 10000 omp 100 16
1.102542877197266 10000 omp 100 16
1.045994043350220 10000 omp 100 16
1.075285911560059 10000 omp 100 16
1.080437898635864 10000 omp 100 16
1.083810091018677 10000 omp 100 16
