1.217554092407227 5000 seq 100 1
1.220127105712891 5000 seq 100 1
1.212686061859131 5000 seq 100 1
1.222720861434937 5000 seq 100 1
1.221111774444580 5000 seq 100 1
1.222640991210938 5000 seq 100 1
1.232488870620728 5000 seq 100 1
1.216333150863647 5000 seq 100 1
1.215022087097168 5000 seq 100 1
1.224243164062500 5000 seq 100 1
1.236112833023071 5000 seq 100 1
1.259315013885498 5000 seq 100 1
1.255789041519165 5000 seq 100 1
4.069561958312988 5000 seq 100 1
1.305281877517700 5000 seq 100 1
1.277415037155151 5000 seq 100 1
1.292801141738892 5000 seq 100 1
1.305842161178589 5000 seq 100 1
1.264559984207153 5000 seq 100 1
1.259050846099854 5000 seq 100 1
0.051439046859741 1000 seq 100 1
0.050771951675415 1000 seq 100 1
0.053535938262939 1000 seq 100 1
0.051730155944824 1000 seq 100 1
0.051051855087280 1000 seq 100 1
0.055637121200562 1000 seq 100 1
0.053045988082886 1000 seq 100 1
0.050211906433105 1000 seq 100 1
0.050539970397949 1000 seq 100 1
0.050534963607788 1000 seq 100 1
0.050563097000122 1000 seq 100 1
0.052210092544556 1000 seq 100 1
0.050710916519165 1000 seq 100 1
0.051784038543701 1000 seq 100 1
0.050857067108154 1000 seq 100 1
0.051645994186401 1000 seq 100 1
0.050035953521729 1000 seq 100 1
0.050024032592773 1000 seq 100 1
0.052543163299561 1000 seq 100 1
0.050063848495483 1000 seq 100 1
1.274868011474609 5000 pthrd_o 100 1
1.273303985595703 5000 pthrd_o 100 1
1.271386146545410 5000 pthrd_o 100 1
1.262076854705811 5000 pthrd_o 100 1
1.267218828201294 5000 pthrd_o 100 1
1.274815082550049 5000 pthrd_o 100 1
1.265610933303833 5000 pthrd_o 100 1
1.268820047378540 5000 pthrd_o 100 1
1.273885965347290 5000 pthrd_o 100 1
1.270138025283813 5000 pthrd_o 100 1
1.261380195617676 5000 pthrd_o 100 1
1.268232822418213 5000 pthrd_o 100 1
1.280097007751465 5000 pthrd_o 100 1
1.273893833160400 5000 pthrd_o 100 1
1.265704870223999 5000 pthrd_o 100 1
1.280497074127197 5000 pthrd_o 100 1
1.272656917572021 5000 pthrd_o 100 1
3.614566087722778 5000 pthrd_o 100 1
1.268518924713135 5000 pthrd_o 100 1
1.269048929214478 5000 pthrd_o 100 1
0.655901193618774 5000 pthrd_o 100 2
0.658728122711182 5000 pthrd_o 100 2
0.652423858642578 5000 pthrd_o 100 2
0.662116050720215 5000 pthrd_o 100 2
0.670282125473022 5000 pthrd_o 100 2
0.679148912429810 5000 pthrd_o 100 2
0.672523021697998 5000 pthrd_o 100 2
0.689038991928101 5000 pthrd_o 100 2
0.678853034973145 5000 pthrd_o 100 2
0.670851945877075 5000 pthrd_o 100 2
0.679811954498291 5000 pthrd_o 100 2
0.706725120544434 5000 pthrd_o 100 2
0.677581071853638 5000 pthrd_o 100 2
0.669814109802246 5000 pthrd_o 100 2
0.672528982162476 5000 pthrd_o 100 2
0.670484066009521 5000 pthrd_o 100 2
0.655355930328369 5000 pthrd_o 100 2
0.672930955886841 5000 pthrd_o 100 2
0.683050155639648 5000 pthrd_o 100 2
0.660280942916870 5000 pthrd_o 100 2
0.338354110717773 5000 pthrd_o 100 4
0.345930814743042 5000 pthrd_o 100 4
0.349434852600098 5000 pthrd_o 100 4
0.352591037750244 5000 pthrd_o 100 4
0.341621160507202 5000 pthrd_o 100 4
0.341469049453735 5000 pthrd_o 100 4
0.345279932022095 5000 pthrd_o 100 4
0.335711956024170 5000 pthrd_o 100 4
0.347141027450562 5000 pthrd_o 100 4
0.334887027740479 5000 pthrd_o 100 4
0.339742898941040 5000 pthrd_o 100 4
0.347008943557739 5000 pthrd_o 100 4
0.358854055404663 5000 pthrd_o 100 4
0.340639829635620 5000 pthrd_o 100 4
0.348509073257446 5000 pthrd_o 100 4
0.345179080963135 5000 pthrd_o 100 4
0.347470998764038 5000 pthrd_o 100 4
0.342858076095581 5000 pthrd_o 100 4
0.341688156127930 5000 pthrd_o 100 4
0.355127096176147 5000 pthrd_o 100 4
0.203957080841064 5000 pthrd_o 100 8
0.203659057617188 5000 pthrd_o 100 8
0.193776845932007 5000 pthrd_o 100 8
0.227432012557983 5000 pthrd_o 100 8
0.228860855102539 5000 pthrd_o 100 8
0.202800035476685 5000 pthrd_o 100 8
0.210481882095337 5000 pthrd_o 100 8
0.234663963317871 5000 pthrd_o 100 8
0.226281166076660 5000 pthrd_o 100 8
0.194675922393799 5000 pthrd_o 100 8
0.200986862182617 5000 pthrd_o 100 8
0.209264993667603 5000 pthrd_o 100 8
0.193752050399780 5000 pthrd_o 100 8
0.232760906219482 5000 pthrd_o 100 8
0.196302175521851 5000 pthrd_o 100 8
0.203938961029053 5000 pthrd_o 100 8
0.205199956893921 5000 pthrd_o 100 8
0.194926977157593 5000 pthrd_o 100 8
0.213122129440308 5000 pthrd_o 100 8
0.197453022003174 5000 pthrd_o 100 8
0.230932950973511 5000 pthrd_o 100 12
0.229994058609009 5000 pthrd_o 100 12
0.230901002883911 5000 pthrd_o 100 12
0.231045007705688 5000 pthrd_o 100 12
0.239102125167847 5000 pthrd_o 100 12
0.239740133285522 5000 pthrd_o 100 12
0.239127874374390 5000 pthrd_o 100 12
0.239267110824585 5000 pthrd_o 100 12
0.238867044448853 5000 pthrd_o 100 12
0.239253997802734 5000 pthrd_o 100 12
0.240081071853638 5000 pthrd_o 100 12
0.239943027496338 5000 pthrd_o 100 12
0.265208005905151 5000 pthrd_o 100 12
0.239833116531372 5000 pthrd_o 100 12
0.239779949188232 5000 pthrd_o 100 12
0.239380121231079 5000 pthrd_o 100 12
0.239306926727295 5000 pthrd_o 100 12
0.239295005798340 5000 pthrd_o 100 12
0.239288806915283 5000 pthrd_o 100 12
0.239167213439941 5000 pthrd_o 100 12
3.114678859710693 5000 pthrd_o 100 16
0.200265884399414 5000 pthrd_o 100 16
0.196169137954712 5000 pthrd_o 100 16
0.196985006332397 5000 pthrd_o 100 16
0.208991050720215 5000 pthrd_o 100 16
0.200432062149048 5000 pthrd_o 100 16
0.196890830993652 5000 pthrd_o 100 16
0.201498985290527 5000 pthrd_o 100 16
0.196723937988281 5000 pthrd_o 100 16
0.209444046020508 5000 pthrd_o 100 16
0.204634904861450 5000 pthrd_o 100 16
0.201093912124634 5000 pthrd_o 100 16
0.196119070053101 5000 pthrd_o 100 16
0.200209856033325 5000 pthrd_o 100 16
0.195633888244629 5000 pthrd_o 100 16
0.207953929901123 5000 pthrd_o 100 16
0.195595979690552 5000 pthrd_o 100 16
0.195323228836060 5000 pthrd_o 100 16
0.201251983642578 5000 pthrd_o 100 16
0.196299076080322 5000 pthrd_o 100 16
0.053475141525269 1000 pthrd_o 100 1
0.057029962539673 1000 pthrd_o 100 1
0.052261829376221 1000 pthrd_o 100 1
0.052556037902832 1000 pthrd_o 100 1
0.050575017929077 1000 pthrd_o 100 1
0.050589799880981 1000 pthrd_o 100 1
0.051737070083618 1000 pthrd_o 100 1
0.051066875457764 1000 pthrd_o 100 1
0.051361083984375 1000 pthrd_o 100 1
0.050547122955322 1000 pthrd_o 100 1
0.050803899765015 1000 pthrd_o 100 1
0.053117990493774 1000 pthrd_o 100 1
0.050954103469849 1000 pthrd_o 100 1
0.051259040832520 1000 pthrd_o 100 1
0.050580024719238 1000 pthrd_o 100 1
0.050971031188965 1000 pthrd_o 100 1
0.050840854644775 1000 pthrd_o 100 1
0.051538944244385 1000 pthrd_o 100 1
0.050715208053589 1000 pthrd_o 100 1
0.050750970840454 1000 pthrd_o 100 1
0.038816928863525 1000 pthrd_o 100 2
0.036823987960815 1000 pthrd_o 100 2
0.032848834991455 1000 pthrd_o 100 2
0.029989004135132 1000 pthrd_o 100 2
0.035109043121338 1000 pthrd_o 100 2
0.032644987106323 1000 pthrd_o 100 2
0.037204027175903 1000 pthrd_o 100 2
0.036890983581543 1000 pthrd_o 100 2
0.033838987350464 1000 pthrd_o 100 2
0.035026073455811 1000 pthrd_o 100 2
0.037358045578003 1000 pthrd_o 100 2
0.032517910003662 1000 pthrd_o 100 2
0.034983873367310 1000 pthrd_o 100 2
0.037544012069702 1000 pthrd_o 100 2
0.038222074508667 1000 pthrd_o 100 2
0.032839059829712 1000 pthrd_o 100 2
0.036830902099609 1000 pthrd_o 100 2
0.033983945846558 1000 pthrd_o 100 2
0.034563064575195 1000 pthrd_o 100 2
0.034827947616577 1000 pthrd_o 100 2
0.024814844131470 1000 pthrd_o 100 4
0.026144981384277 1000 pthrd_o 100 4
0.025332212448120 1000 pthrd_o 100 4
0.025878906250000 1000 pthrd_o 100 4
0.023179054260254 1000 pthrd_o 100 4
0.022264957427979 1000 pthrd_o 100 4
0.024309158325195 1000 pthrd_o 100 4
0.022505998611450 1000 pthrd_o 100 4
0.023558855056763 1000 pthrd_o 100 4
0.024019002914429 1000 pthrd_o 100 4
0.023786067962646 1000 pthrd_o 100 4
0.023151874542236 1000 pthrd_o 100 4
0.024732828140259 1000 pthrd_o 100 4
0.024126052856445 1000 pthrd_o 100 4
0.021758079528809 1000 pthrd_o 100 4
0.021281003952026 1000 pthrd_o 100 4
0.023490905761719 1000 pthrd_o 100 4
0.024053096771240 1000 pthrd_o 100 4
0.023636817932129 1000 pthrd_o 100 4
0.023391008377075 1000 pthrd_o 100 4
0.025656938552856 1000 pthrd_o 100 8
0.022076845169067 1000 pthrd_o 100 8
0.022252082824707 1000 pthrd_o 100 8
0.022692918777466 1000 pthrd_o 100 8
0.022135972976685 1000 pthrd_o 100 8
0.022433996200562 1000 pthrd_o 100 8
0.022617101669312 1000 pthrd_o 100 8
0.021949052810669 1000 pthrd_o 100 8
0.022254943847656 1000 pthrd_o 100 8
0.024981975555420 1000 pthrd_o 100 8
0.025839805603027 1000 pthrd_o 100 8
0.026966810226440 1000 pthrd_o 100 8
0.022155046463013 1000 pthrd_o 100 8
0.022343158721924 1000 pthrd_o 100 8
0.022729873657227 1000 pthrd_o 100 8
0.022423028945923 1000 pthrd_o 100 8
0.022758007049561 1000 pthrd_o 100 8
0.022547960281372 1000 pthrd_o 100 8
0.021995067596436 1000 pthrd_o 100 8
0.022111177444458 1000 pthrd_o 100 8
0.028089046478271 1000 pthrd_o 100 12
0.028168916702271 1000 pthrd_o 100 12
0.030558109283447 1000 pthrd_o 100 12
0.027765035629272 1000 pthrd_o 100 12
0.027452945709229 1000 pthrd_o 100 12
0.028249025344849 1000 pthrd_o 100 12
0.027915954589844 1000 pthrd_o 100 12
0.027173042297363 1000 pthrd_o 100 12
0.027652978897095 1000 pthrd_o 100 12
0.027532100677490 1000 pthrd_o 100 12
0.027886152267456 1000 pthrd_o 100 12
0.027559041976929 1000 pthrd_o 100 12
0.028589963912964 1000 pthrd_o 100 12
0.028666019439697 1000 pthrd_o 100 12
0.029269933700562 1000 pthrd_o 100 12
0.028324127197266 1000 pthrd_o 100 12
0.027977943420410 1000 pthrd_o 100 12
0.027471065521240 1000 pthrd_o 100 12
0.027483940124512 1000 pthrd_o 100 12
0.027545928955078 1000 pthrd_o 100 12
0.033607006072998 1000 pthrd_o 100 16
0.033571004867554 1000 pthrd_o 100 16
0.033863067626953 1000 pthrd_o 100 16
0.034466981887817 1000 pthrd_o 100 16
0.033677101135254 1000 pthrd_o 100 16
0.033800840377808 1000 pthrd_o 100 16
0.033779144287109 1000 pthrd_o 100 16
0.033649921417236 1000 pthrd_o 100 16
0.033541917800903 1000 pthrd_o 100 16
0.033864021301270 1000 pthrd_o 100 16
0.033669948577881 1000 pthrd_o 100 16
0.033364057540894 1000 pthrd_o 100 16
0.034132003784180 1000 pthrd_o 100 16
0.033634185791016 1000 pthrd_o 100 16
0.033965110778809 1000 pthrd_o 100 16
0.033468008041382 1000 pthrd_o 100 16
0.033623933792114 1000 pthrd_o 100 16
0.033626079559326 1000 pthrd_o 100 16
0.033860921859741 1000 pthrd_o 100 16
0.033616065979004 1000 pthrd_o 100 16
1.263218164443970 5000 pthrd_yu 100 1
1.263043880462646 5000 pthrd_yu 100 1
1.265886068344116 5000 pthrd_yu 100 1
1.227986097335815 5000 pthrd_yu 100 1
1.215033054351807 5000 pthrd_yu 100 1
1.211739063262939 5000 pthrd_yu 100 1
1.219444036483765 5000 pthrd_yu 100 1
1.211991071701050 5000 pthrd_yu 100 1
1.212969064712524 5000 pthrd_yu 100 1
1.230940103530884 5000 pthrd_yu 100 1
1.252298831939697 5000 pthrd_yu 100 1
1.248028993606567 5000 pthrd_yu 100 1
1.258448123931885 5000 pthrd_yu 100 1
1.255092144012451 5000 pthrd_yu 100 1
1.246935844421387 5000 pthrd_yu 100 1
1.248379945755005 5000 pthrd_yu 100 1
1.252576112747192 5000 pthrd_yu 100 1
1.272890090942383 5000 pthrd_yu 100 1
1.258524894714355 5000 pthrd_yu 100 1
3.945893049240112 5000 pthrd_yu 100 1
0.668823957443237 5000 pthrd_yu 100 2
0.647985219955444 5000 pthrd_yu 100 2
0.663503170013428 5000 pthrd_yu 100 2
0.681493043899536 5000 pthrd_yu 100 2
0.665400981903076 5000 pthrd_yu 100 2
0.694625854492188 5000 pthrd_yu 100 2
0.670556068420410 5000 pthrd_yu 100 2
0.664786100387573 5000 pthrd_yu 100 2
0.654031038284302 5000 pthrd_yu 100 2
0.660110950469971 5000 pthrd_yu 100 2
0.685992002487183 5000 pthrd_yu 100 2
0.662896871566772 5000 pthrd_yu 100 2
0.672794818878174 5000 pthrd_yu 100 2
0.649049997329712 5000 pthrd_yu 100 2
0.670784950256348 5000 pthrd_yu 100 2
0.737613916397095 5000 pthrd_yu 100 2
0.651062011718750 5000 pthrd_yu 100 2
0.653535127639771 5000 pthrd_yu 100 2
0.645355939865112 5000 pthrd_yu 100 2
0.622716903686523 5000 pthrd_yu 100 2
0.366182088851929 5000 pthrd_yu 100 4
0.357767820358276 5000 pthrd_yu 100 4
0.351580142974854 5000 pthrd_yu 100 4
0.363370180130005 5000 pthrd_yu 100 4
0.361752986907959 5000 pthrd_yu 100 4
0.359895944595337 5000 pthrd_yu 100 4
0.349910020828247 5000 pthrd_yu 100 4
0.356889009475708 5000 pthrd_yu 100 4
0.354767084121704 5000 pthrd_yu 100 4
0.351841926574707 5000 pthrd_yu 100 4
0.352681875228882 5000 pthrd_yu 100 4
0.349827051162720 5000 pthrd_yu 100 4
0.350854158401489 5000 pthrd_yu 100 4
0.364825963973999 5000 pthrd_yu 100 4
0.343826055526733 5000 pthrd_yu 100 4
0.358088970184326 5000 pthrd_yu 100 4
0.348145961761475 5000 pthrd_yu 100 4
0.349354028701782 5000 pthrd_yu 100 4
0.355900049209595 5000 pthrd_yu 100 4
0.354916095733643 5000 pthrd_yu 100 4
0.229731082916260 5000 pthrd_yu 100 8
0.221200942993164 5000 pthrd_yu 100 8
0.213829040527344 5000 pthrd_yu 100 8
0.240799903869629 5000 pthrd_yu 100 8
0.226047039031982 5000 pthrd_yu 100 8
0.216972112655640 5000 pthrd_yu 100 8
0.212538003921509 5000 pthrd_yu 100 8
0.224963903427124 5000 pthrd_yu 100 8
0.253469944000244 5000 pthrd_yu 100 8
0.219057798385620 5000 pthrd_yu 100 8
0.213806867599487 5000 pthrd_yu 100 8
0.222654819488525 5000 pthrd_yu 100 8
0.247045040130615 5000 pthrd_yu 100 8
0.231405973434448 5000 pthrd_yu 100 8
0.214898824691772 5000 pthrd_yu 100 8
0.219328880310059 5000 pthrd_yu 100 8
0.268965005874634 5000 pthrd_yu 100 8
0.232778072357178 5000 pthrd_yu 100 8
0.215775012969971 5000 pthrd_yu 100 8
0.223438024520874 5000 pthrd_yu 100 8
0.254841089248657 5000 pthrd_yu 100 12
0.258126974105835 5000 pthrd_yu 100 12
0.254987955093384 5000 pthrd_yu 100 12
0.254698038101196 5000 pthrd_yu 100 12
0.253647089004517 5000 pthrd_yu 100 12
0.257745027542114 5000 pthrd_yu 100 12
0.254093885421753 5000 pthrd_yu 100 12
0.257323026657104 5000 pthrd_yu 100 12
0.259477853775024 5000 pthrd_yu 100 12
0.265319108963013 5000 pthrd_yu 100 12
0.264292955398560 5000 pthrd_yu 100 12
0.265700101852417 5000 pthrd_yu 100 12
0.266322851181030 5000 pthrd_yu 100 12
0.266356945037842 5000 pthrd_yu 100 12
0.266198873519897 5000 pthrd_yu 100 12
0.266165018081665 5000 pthrd_yu 100 12
0.265649080276489 5000 pthrd_yu 100 12
0.266685009002686 5000 pthrd_yu 100 12
0.265250921249390 5000 pthrd_yu 100 12
0.265836954116821 5000 pthrd_yu 100 12
0.234482049942017 5000 pthrd_yu 100 16
0.232424974441528 5000 pthrd_yu 100 16
0.225433111190796 5000 pthrd_yu 100 16
0.227443933486938 5000 pthrd_yu 100 16
0.232945919036865 5000 pthrd_yu 100 16
0.231750965118408 5000 pthrd_yu 100 16
3.176535129547119 5000 pthrd_yu 100 16
0.227038860321045 5000 pthrd_yu 100 16
0.224647998809814 5000 pthrd_yu 100 16
0.235440015792847 5000 pthrd_yu 100 16
0.231530904769897 5000 pthrd_yu 100 16
0.226320981979370 5000 pthrd_yu 100 16
0.226092815399170 5000 pthrd_yu 100 16
0.239580869674683 5000 pthrd_yu 100 16
0.230362892150879 5000 pthrd_yu 100 16
0.230301141738892 5000 pthrd_yu 100 16
0.229968070983887 5000 pthrd_yu 100 16
0.226909160614014 5000 pthrd_yu 100 16
0.234380960464478 5000 pthrd_yu 100 16
0.227607965469360 5000 pthrd_yu 100 16
0.054351806640625 1000 pthrd_yu 100 1
0.052796125411987 1000 pthrd_yu 100 1
0.052510023117065 1000 pthrd_yu 100 1
0.051786899566650 1000 pthrd_yu 100 1
0.052377939224243 1000 pthrd_yu 100 1
0.052000045776367 1000 pthrd_yu 100 1
0.052900075912476 1000 pthrd_yu 100 1
0.051954984664917 1000 pthrd_yu 100 1
0.052054166793823 1000 pthrd_yu 100 1
0.053982019424438 1000 pthrd_yu 100 1
0.052772998809814 1000 pthrd_yu 100 1
0.053395032882690 1000 pthrd_yu 100 1
0.054949998855591 1000 pthrd_yu 100 1
0.051787853240967 1000 pthrd_yu 100 1
0.052077054977417 1000 pthrd_yu 100 1
0.051632881164551 1000 pthrd_yu 100 1
0.052103042602539 1000 pthrd_yu 100 1
0.051798105239868 1000 pthrd_yu 100 1
0.053035020828247 1000 pthrd_yu 100 1
0.051679134368896 1000 pthrd_yu 100 1
0.035866975784302 1000 pthrd_yu 100 2
0.037178993225098 1000 pthrd_yu 100 2
0.032833814620972 1000 pthrd_yu 100 2
0.034500122070312 1000 pthrd_yu 100 2
0.036678075790405 1000 pthrd_yu 100 2
0.038058042526245 1000 pthrd_yu 100 2
0.036140918731689 1000 pthrd_yu 100 2
0.035237073898315 1000 pthrd_yu 100 2
0.037595987319946 1000 pthrd_yu 100 2
0.037081003189087 1000 pthrd_yu 100 2
0.037899017333984 1000 pthrd_yu 100 2
0.035115003585815 1000 pthrd_yu 100 2
0.034662961959839 1000 pthrd_yu 100 2
0.037047147750854 1000 pthrd_yu 100 2
0.034574031829834 1000 pthrd_yu 100 2
0.035340070724487 1000 pthrd_yu 100 2
0.035096883773804 1000 pthrd_yu 100 2
0.033898115158081 1000 pthrd_yu 100 2
0.036204099655151 1000 pthrd_yu 100 2
0.034036159515381 1000 pthrd_yu 100 2
0.030031919479370 1000 pthrd_yu 100 4
0.028403997421265 1000 pthrd_yu 100 4
0.028831958770752 1000 pthrd_yu 100 4
0.027981996536255 1000 pthrd_yu 100 4
0.027731895446777 1000 pthrd_yu 100 4
0.029327154159546 1000 pthrd_yu 100 4
0.027431011199951 1000 pthrd_yu 100 4
0.028923034667969 1000 pthrd_yu 100 4
0.030223846435547 1000 pthrd_yu 100 4
0.028056859970093 1000 pthrd_yu 100 4
0.027944087982178 1000 pthrd_yu 100 4
0.028850078582764 1000 pthrd_yu 100 4
0.028733968734741 1000 pthrd_yu 100 4
0.030068874359131 1000 pthrd_yu 100 4
0.029996156692505 1000 pthrd_yu 100 4
0.028145074844360 1000 pthrd_yu 100 4
0.032026052474976 1000 pthrd_yu 100 4
0.026521921157837 1000 pthrd_yu 100 4
0.026380062103271 1000 pthrd_yu 100 4
0.029891014099121 1000 pthrd_yu 100 4
0.035979986190796 1000 pthrd_yu 100 8
0.032317161560059 1000 pthrd_yu 100 8
0.031899213790894 1000 pthrd_yu 100 8
0.031404018402100 1000 pthrd_yu 100 8
0.032402992248535 1000 pthrd_yu 100 8
0.031926155090332 1000 pthrd_yu 100 8
0.033107042312622 1000 pthrd_yu 100 8
0.037381172180176 1000 pthrd_yu 100 8
0.036241054534912 1000 pthrd_yu 100 8
0.032727003097534 1000 pthrd_yu 100 8
0.031512022018433 1000 pthrd_yu 100 8
0.031254053115845 1000 pthrd_yu 100 8
0.031723022460938 1000 pthrd_yu 100 8
0.031774044036865 1000 pthrd_yu 100 8
0.031917810440063 1000 pthrd_yu 100 8
0.030971050262451 1000 pthrd_yu 100 8
0.032354116439819 1000 pthrd_yu 100 8
0.031351089477539 1000 pthrd_yu 100 8
0.031343936920166 1000 pthrd_yu 100 8
0.031183958053589 1000 pthrd_yu 100 8
0.042898178100586 1000 pthrd_yu 100 12
0.042689085006714 1000 pthrd_yu 100 12
0.043105125427246 1000 pthrd_yu 100 12
0.042686939239502 1000 pthrd_yu 100 12
0.042222023010254 1000 pthrd_yu 100 12
0.043065071105957 1000 pthrd_yu 100 12
0.043886899948120 1000 pthrd_yu 100 12
0.042171955108643 1000 pthrd_yu 100 12
0.042616844177246 1000 pthrd_yu 100 12
0.042567014694214 1000 pthrd_yu 100 12
0.042294025421143 1000 pthrd_yu 100 12
0.042284011840820 1000 pthrd_yu 100 12
0.042028903961182 1000 pthrd_yu 100 12
0.042670011520386 1000 pthrd_yu 100 12
0.043442964553833 1000 pthrd_yu 100 12
0.042814970016479 1000 pthrd_yu 100 12
0.042216062545776 1000 pthrd_yu 100 12
0.042653083801270 1000 pthrd_yu 100 12
0.042488098144531 1000 pthrd_yu 100 12
0.042664051055908 1000 pthrd_yu 100 12
0.052383899688721 1000 pthrd_yu 100 16
0.052637100219727 1000 pthrd_yu 100 16
0.052202939987183 1000 pthrd_yu 100 16
0.051752090454102 1000 pthrd_yu 100 16
0.052077054977417 1000 pthrd_yu 100 16
0.052369117736816 1000 pthrd_yu 100 16
0.052259206771851 1000 pthrd_yu 100 16
0.052779912948608 1000 pthrd_yu 100 16
0.052969217300415 1000 pthrd_yu 100 16
0.052291154861450 1000 pthrd_yu 100 16
0.052355051040649 1000 pthrd_yu 100 16
0.052402019500732 1000 pthrd_yu 100 16
0.052000999450684 1000 pthrd_yu 100 16
0.052549839019775 1000 pthrd_yu 100 16
0.052803039550781 1000 pthrd_yu 100 16
0.052458047866821 1000 pthrd_yu 100 16
0.051687955856323 1000 pthrd_yu 100 16
0.051509857177734 1000 pthrd_yu 100 16
0.051872014999390 1000 pthrd_yu 100 16
0.052314043045044 1000 pthrd_yu 100 16
1.272996902465820 5000 omp 100 1
1.268908023834229 5000 omp 100 1
1.259493112564087 5000 omp 100 1
1.226468086242676 5000 omp 100 1
1.222000122070312 5000 omp 100 1
1.224879980087280 5000 omp 100 1
1.228043794631958 5000 omp 100 1
1.222857952117920 5000 omp 100 1
1.220094919204712 5000 omp 100 1
1.247916936874390 5000 omp 100 1
1.253571033477783 5000 omp 100 1
1.246208190917969 5000 omp 100 1
1.247720003128052 5000 omp 100 1
1.251964092254639 5000 omp 100 1
1.251253843307495 5000 omp 100 1
1.253631830215454 5000 omp 100 1
1.263957977294922 5000 omp 100 1
1.276568174362183 5000 omp 100 1
1.271624088287354 5000 omp 100 1
4.011285066604614 5000 omp 100 1
0.687060117721558 5000 omp 100 2
0.698179006576538 5000 omp 100 2
0.674185991287231 5000 omp 100 2
0.660831928253174 5000 omp 100 2
0.680961132049561 5000 omp 100 2
0.666740894317627 5000 omp 100 2
0.719946146011353 5000 omp 100 2
0.646310091018677 5000 omp 100 2
0.680186033248901 5000 omp 100 2
0.668468952178955 5000 omp 100 2
0.690745115280151 5000 omp 100 2
0.688363075256348 5000 omp 100 2
0.687546968460083 5000 omp 100 2
0.691107988357544 5000 omp 100 2
0.661594152450562 5000 omp 100 2
0.644350051879883 5000 omp 100 2
0.681777000427246 5000 omp 100 2
0.653241872787476 5000 omp 100 2
0.627952098846436 5000 omp 100 2
0.659447908401489 5000 omp 100 2
0.367954969406128 5000 omp 100 4
0.336990833282471 5000 omp 100 4
0.349927902221680 5000 omp 100 4
0.348311901092529 5000 omp 100 4
0.347798824310303 5000 omp 100 4
0.366986036300659 5000 omp 100 4
0.378372907638550 5000 omp 100 4
0.366425991058350 5000 omp 100 4
0.348572969436646 5000 omp 100 4
0.365892887115479 5000 omp 100 4
0.373194932937622 5000 omp 100 4
0.389008045196533 5000 omp 100 4
0.380330801010132 5000 omp 100 4
0.385880947113037 5000 omp 100 4
0.381853818893433 5000 omp 100 4
0.378205060958862 5000 omp 100 4
0.373813867568970 5000 omp 100 4
0.379333019256592 5000 omp 100 4
0.371660947799683 5000 omp 100 4
0.405207872390747 5000 omp 100 4
0.213371992111206 5000 omp 100 8
0.214767217636108 5000 omp 100 8
0.207187891006470 5000 omp 100 8
0.214342832565308 5000 omp 100 8
0.219604969024658 5000 omp 100 8
0.210001945495605 5000 omp 100 8
0.204941034317017 5000 omp 100 8
0.218458175659180 5000 omp 100 8
0.219246149063110 5000 omp 100 8
0.211909055709839 5000 omp 100 8
0.204375028610229 5000 omp 100 8
0.218223094940186 5000 omp 100 8
0.220300912857056 5000 omp 100 8
0.219268083572388 5000 omp 100 8
0.199020147323608 5000 omp 100 8
0.215337991714478 5000 omp 100 8
0.214003086090088 5000 omp 100 8
0.209711074829102 5000 omp 100 8
0.210344076156616 5000 omp 100 8
0.215794086456299 5000 omp 100 8
0.183602094650269 5000 omp 100 12
0.175741910934448 5000 omp 100 12
0.177491903305054 5000 omp 100 12
0.180237054824829 5000 omp 100 12
0.175529956817627 5000 omp 100 12
0.177192926406860 5000 omp 100 12
0.181977987289429 5000 omp 100 12
0.177448987960815 5000 omp 100 12
0.180094957351685 5000 omp 100 12
0.180072069168091 5000 omp 100 12
0.194155931472778 5000 omp 100 12
0.181800842285156 5000 omp 100 12
0.180556058883667 5000 omp 100 12
0.179782152175903 5000 omp 100 12
0.186847925186157 5000 omp 100 12
0.180036067962646 5000 omp 100 12
0.177541017532349 5000 omp 100 12
0.183496952056885 5000 omp 100 12
0.218048095703125 5000 omp 100 12
0.183712959289551 5000 omp 100 12
0.186411857604980 5000 omp 100 16
0.173826932907104 5000 omp 100 16
0.178228855133057 5000 omp 100 16
0.196277856826782 5000 omp 100 16
0.227155923843384 5000 omp 100 16
0.196182012557983 5000 omp 100 16
0.175107002258301 5000 omp 100 16
0.185471057891846 5000 omp 100 16
0.179394006729126 5000 omp 100 16
0.206548929214478 5000 omp 100 16
0.231575965881348 5000 omp 100 16
0.181277990341187 5000 omp 100 16
3.043946981430054 5000 omp 100 16
0.173699140548706 5000 omp 100 16
0.229866027832031 5000 omp 100 16
0.234748840332031 5000 omp 100 16
0.176460027694702 5000 omp 100 16
0.192698955535889 5000 omp 100 16
0.195227146148682 5000 omp 100 16
0.192656040191650 5000 omp 100 16
0.054576158523560 1000 omp 100 1
0.053539991378784 1000 omp 100 1
0.056509971618652 1000 omp 100 1
0.052476167678833 1000 omp 100 1
0.053296089172363 1000 omp 100 1
0.052457809448242 1000 omp 100 1
0.051602125167847 1000 omp 100 1
0.051913976669312 1000 omp 100 1
0.052474021911621 1000 omp 100 1
0.053519964218140 1000 omp 100 1
0.052803993225098 1000 omp 100 1
0.052690029144287 1000 omp 100 1
0.054505109786987 1000 omp 100 1
0.052217006683350 1000 omp 100 1
0.052290916442871 1000 omp 100 1
0.051815986633301 1000 omp 100 1
0.052823066711426 1000 omp 100 1
0.057273149490356 1000 omp 100 1
0.053702116012573 1000 omp 100 1
0.052937984466553 1000 omp 100 1
0.027827978134155 1000 omp 100 2
0.029196977615356 1000 omp 100 2
0.029622793197632 1000 omp 100 2
0.030140161514282 1000 omp 100 2
0.028341054916382 1000 omp 100 2
0.027906894683838 1000 omp 100 2
0.027482986450195 1000 omp 100 2
0.027395963668823 1000 omp 100 2
0.027934074401855 1000 omp 100 2
0.027344942092896 1000 omp 100 2
0.034009933471680 1000 omp 100 2
0.027987003326416 1000 omp 100 2
0.027443885803223 1000 omp 100 2
0.027164936065674 1000 omp 100 2
0.027944087982178 1000 omp 100 2
0.027691125869751 1000 omp 100 2
0.027636051177979 1000 omp 100 2
0.029788970947266 1000 omp 100 2
0.029789924621582 1000 omp 100 2
0.027128934860229 1000 omp 100 2
0.015262126922607 1000 omp 100 4
0.015382051467896 1000 omp 100 4
0.016249895095825 1000 omp 100 4
0.015136957168579 1000 omp 100 4
0.014971971511841 1000 omp 100 4
0.015125989913940 1000 omp 100 4
0.014874935150146 1000 omp 100 4
0.014755964279175 1000 omp 100 4
0.014793157577515 1000 omp 100 4
0.015321016311646 1000 omp 100 4
0.015027999877930 1000 omp 100 4
0.014880180358887 1000 omp 100 4
0.015100002288818 1000 omp 100 4
0.014633178710938 1000 omp 100 4
0.014863014221191 1000 omp 100 4
0.017341852188110 1000 omp 100 4
0.014829874038696 1000 omp 100 4
0.015104055404663 1000 omp 100 4
0.015238046646118 1000 omp 100 4
0.015889883041382 1000 omp 100 4
0.009061098098755 1000 omp 100 8
0.012249946594238 1000 omp 100 8
0.009476900100708 1000 omp 100 8
0.009598970413208 1000 omp 100 8
0.008799791336060 1000 omp 100 8
0.010881900787354 1000 omp 100 8
0.009353876113892 1000 omp 100 8
0.008976936340332 1000 omp 100 8
0.008805990219116 1000 omp 100 8
0.010347843170166 1000 omp 100 8
0.010100841522217 1000 omp 100 8
0.008790969848633 1000 omp 100 8
0.011042833328247 1000 omp 100 8
0.010788202285767 1000 omp 100 8
0.010483026504517 1000 omp 100 8
0.010787963867188 1000 omp 100 8
0.009690046310425 1000 omp 100 8
0.009820938110352 1000 omp 100 8
0.010164022445679 1000 omp 100 8
0.009250164031982 1000 omp 100 8
0.009263038635254 1000 omp 100 12
0.009104013442993 1000 omp 100 12
0.009719133377075 1000 omp 100 12
0.009260177612305 1000 omp 100 12
0.009097099304199 1000 omp 100 12
0.009337902069092 1000 omp 100 12
0.009238958358765 1000 omp 100 12
0.009172916412354 1000 omp 100 12
0.009258985519409 1000 omp 100 12
0.010272026062012 1000 omp 100 12
0.009891986846924 1000 omp 100 12
0.009059906005859 1000 omp 100 12
0.009216070175171 1000 omp 100 12
0.009218931198120 1000 omp 100 12
0.009126901626587 1000 omp 100 12
0.009419918060303 1000 omp 100 12
0.009164094924927 1000 omp 100 12
0.009191989898682 1000 omp 100 12
0.009176015853882 1000 omp 100 12
0.009298086166382 1000 omp 100 12
0.011321067810059 1000 omp 100 16
0.009690999984741 1000 omp 100 16
0.012188911437988 1000 omp 100 16
0.010617971420288 1000 omp 100 16
0.010458946228027 1000 omp 100 16
0.009664058685303 1000 omp 100 16
0.010020017623901 1000 omp 100 16
0.010905981063843 1000 omp 100 16
0.015156984329224 1000 omp 100 16
0.013064861297607 1000 omp 100 16
0.019487142562866 1000 omp 100 16
0.011003017425537 1000 omp 100 16
0.033440828323364 1000 omp 100 16
0.009642839431763 1000 omp 100 16
0.009685993194580 1000 omp 100 16
0.009767055511475 1000 omp 100 16
0.010299205780029 1000 omp 100 16
0.009705066680908 1000 omp 100 16
0.010035037994385 1000 omp 100 16
0.011138916015625 1000 omp 100 16
