1.288083076477051 5000 seq 100 1
1.284462928771973 5000 seq 100 1
1.285450935363770 5000 seq 100 1
1.285417079925537 5000 seq 100 1
1.281537055969238 5000 seq 100 1
1.275547027587891 5000 seq 100 1
1.276094913482666 5000 seq 100 1
1.274346828460693 5000 seq 100 1
1.278332948684692 5000 seq 100 1
1.275785923004150 5000 seq 100 1
1.274416923522949 5000 seq 100 1
1.276405096054077 5000 seq 100 1
1.278621196746826 5000 seq 100 1
1.279958009719849 5000 seq 100 1
1.273361921310425 5000 seq 100 1
1.290045022964478 5000 seq 100 1
1.277940034866333 5000 seq 100 1
1.276727914810181 5000 seq 100 1
1.284652948379517 5000 seq 100 1
1.277677059173584 5000 seq 100 1
1.285912990570068 5000 pthrd_o 100 1
3.552345037460327 5000 pthrd_o 100 1
1.297641992568970 5000 pthrd_o 100 1
1.304225921630859 5000 pthrd_o 100 1
1.284304857254028 5000 pthrd_o 100 1
1.293478965759277 5000 pthrd_o 100 1
1.286115169525146 5000 pthrd_o 100 1
1.289395093917847 5000 pthrd_o 100 1
1.290890932083130 5000 pthrd_o 100 1
1.273293972015381 5000 pthrd_o 100 1
1.243067026138306 5000 pthrd_o 100 1
1.243772029876709 5000 pthrd_o 100 1
1.245692014694214 5000 pthrd_o 100 1
1.238169193267822 5000 pthrd_o 100 1
1.237883090972900 5000 pthrd_o 100 1
1.238625049591064 5000 pthrd_o 100 1
1.271880865097046 5000 pthrd_o 100 1
1.278131961822510 5000 pthrd_o 100 1
1.277905941009521 5000 pthrd_o 100 1
1.277357101440430 5000 pthrd_o 100 1
0.706929206848145 5000 pthrd_o 100 2
0.673583030700684 5000 pthrd_o 100 2
0.680480957031250 5000 pthrd_o 100 2
0.664752960205078 5000 pthrd_o 100 2
0.703889846801758 5000 pthrd_o 100 2
0.683989048004150 5000 pthrd_o 100 2
0.672447919845581 5000 pthrd_o 100 2
0.683152198791504 5000 pthrd_o 100 2
0.691915988922119 5000 pthrd_o 100 2
0.686038017272949 5000 pthrd_o 100 2
0.685459136962891 5000 pthrd_o 100 2
0.675800800323486 5000 pthrd_o 100 2
0.690111160278320 5000 pthrd_o 100 2
3.306988954544067 5000 pthrd_o 100 2
0.668478965759277 5000 pthrd_o 100 2
0.676639080047607 5000 pthrd_o 100 2
0.665944099426270 5000 pthrd_o 100 2
0.684508800506592 5000 pthrd_o 100 2
0.674175977706909 5000 pthrd_o 100 2
0.684470891952515 5000 pthrd_o 100 2
0.367913007736206 5000 pthrd_o 100 4
0.383494138717651 5000 pthrd_o 100 4
0.364335060119629 5000 pthrd_o 100 4
0.366536855697632 5000 pthrd_o 100 4
0.361797094345093 5000 pthrd_o 100 4
0.366384029388428 5000 pthrd_o 100 4
0.364842891693115 5000 pthrd_o 100 4
0.364715099334717 5000 pthrd_o 100 4
0.375674009323120 5000 pthrd_o 100 4
0.366234064102173 5000 pthrd_o 100 4
0.371747970581055 5000 pthrd_o 100 4
0.368529081344604 5000 pthrd_o 100 4
0.363215923309326 5000 pthrd_o 100 4
0.364313840866089 5000 pthrd_o 100 4
0.382102012634277 5000 pthrd_o 100 4
0.367300987243652 5000 pthrd_o 100 4
0.369781017303467 5000 pthrd_o 100 4
0.358350992202759 5000 pthrd_o 100 4
0.364933967590332 5000 pthrd_o 100 4
0.362699031829834 5000 pthrd_o 100 4
0.267072200775146 5000 pthrd_o 100 6
0.271306037902832 5000 pthrd_o 100 6
0.281093835830688 5000 pthrd_o 100 6
0.257597208023071 5000 pthrd_o 100 6
0.265208005905151 5000 pthrd_o 100 6
0.266209840774536 5000 pthrd_o 100 6
0.268964052200317 5000 pthrd_o 100 6
0.273530006408691 5000 pthrd_o 100 6
0.260084152221680 5000 pthrd_o 100 6
0.294130086898804 5000 pthrd_o 100 6
0.264236927032471 5000 pthrd_o 100 6
0.259092092514038 5000 pthrd_o 100 6
0.260057926177979 5000 pthrd_o 100 6
0.268245220184326 5000 pthrd_o 100 6
0.259344100952148 5000 pthrd_o 100 6
0.264603853225708 5000 pthrd_o 100 6
0.257873058319092 5000 pthrd_o 100 6
0.266591072082520 5000 pthrd_o 100 6
0.263488054275513 5000 pthrd_o 100 6
0.260360002517700 5000 pthrd_o 100 6
0.238102912902832 5000 pthrd_o 100 7
0.241048097610474 5000 pthrd_o 100 7
0.226068973541260 5000 pthrd_o 100 7
0.231652021408081 5000 pthrd_o 100 7
0.230250120162964 5000 pthrd_o 100 7
0.239850044250488 5000 pthrd_o 100 7
0.229942083358765 5000 pthrd_o 100 7
0.235219955444336 5000 pthrd_o 100 7
0.231081962585449 5000 pthrd_o 100 7
0.245401144027710 5000 pthrd_o 100 7
0.221148967742920 5000 pthrd_o 100 7
0.233228921890259 5000 pthrd_o 100 7
0.227694034576416 5000 pthrd_o 100 7
0.246042966842651 5000 pthrd_o 100 7
0.244807958602905 5000 pthrd_o 100 7
0.232770919799805 5000 pthrd_o 100 7
0.243453025817871 5000 pthrd_o 100 7
0.229266166687012 5000 pthrd_o 100 7
0.237519979476929 5000 pthrd_o 100 7
0.236379146575928 5000 pthrd_o 100 7
0.229387998580933 5000 pthrd_o 100 8
0.232815027236938 5000 pthrd_o 100 8
0.272758007049561 5000 pthrd_o 100 8
0.232753992080688 5000 pthrd_o 100 8
0.216836929321289 5000 pthrd_o 100 8
0.235063076019287 5000 pthrd_o 100 8
0.213241100311279 5000 pthrd_o 100 8
0.260717153549194 5000 pthrd_o 100 8
0.226788043975830 5000 pthrd_o 100 8
0.230406045913696 5000 pthrd_o 100 8
0.217433929443359 5000 pthrd_o 100 8
0.252511978149414 5000 pthrd_o 100 8
0.220245122909546 5000 pthrd_o 100 8
0.232767820358276 5000 pthrd_o 100 8
0.241850852966309 5000 pthrd_o 100 8
0.256812095642090 5000 pthrd_o 100 8
0.262880086898804 5000 pthrd_o 100 8
0.224368810653687 5000 pthrd_o 100 8
0.215421915054321 5000 pthrd_o 100 8
0.236544847488403 5000 pthrd_o 100 8
0.321191072463989 5000 pthrd_o 100 9
0.331949949264526 5000 pthrd_o 100 9
0.325819015502930 5000 pthrd_o 100 9
0.321818113327026 5000 pthrd_o 100 9
0.323163986206055 5000 pthrd_o 100 9
0.324300050735474 5000 pthrd_o 100 9
0.325005054473877 5000 pthrd_o 100 9
0.321216106414795 5000 pthrd_o 100 9
0.333275079727173 5000 pthrd_o 100 9
0.329293012619019 5000 pthrd_o 100 9
0.327505111694336 5000 pthrd_o 100 9
0.331848859786987 5000 pthrd_o 100 9
0.335536003112793 5000 pthrd_o 100 9
0.334923982620239 5000 pthrd_o 100 9
0.327974796295166 5000 pthrd_o 100 9
0.335287809371948 5000 pthrd_o 100 9
2.647990942001343 5000 pthrd_o 100 9
0.329268932342529 5000 pthrd_o 100 9
0.333059072494507 5000 pthrd_o 100 9
0.330903053283691 5000 pthrd_o 100 9
0.300426006317139 5000 pthrd_o 100 10
0.290111064910889 5000 pthrd_o 100 10
0.294812202453613 5000 pthrd_o 100 10
0.302153110504150 5000 pthrd_o 100 10
0.294106006622314 5000 pthrd_o 100 10
0.299036979675293 5000 pthrd_o 100 10
0.291017055511475 5000 pthrd_o 100 10
0.297608137130737 5000 pthrd_o 100 10
0.298441886901855 5000 pthrd_o 100 10
0.291878938674927 5000 pthrd_o 100 10
0.296067953109741 5000 pthrd_o 100 10
0.295341014862061 5000 pthrd_o 100 10
0.294955015182495 5000 pthrd_o 100 10
0.289674997329712 5000 pthrd_o 100 10
0.288635015487671 5000 pthrd_o 100 10
0.290982007980347 5000 pthrd_o 100 10
0.290220022201538 5000 pthrd_o 100 10
0.289527177810669 5000 pthrd_o 100 10
0.294828891754150 5000 pthrd_o 100 10
0.289739847183228 5000 pthrd_o 100 10
0.251400947570801 5000 pthrd_o 100 12
0.251193046569824 5000 pthrd_o 100 12
0.251780033111572 5000 pthrd_o 100 12
0.250059843063354 5000 pthrd_o 100 12
0.249779939651489 5000 pthrd_o 100 12
0.249665021896362 5000 pthrd_o 100 12
0.250205993652344 5000 pthrd_o 100 12
0.250627994537354 5000 pthrd_o 100 12
0.250741958618164 5000 pthrd_o 100 12
0.252366065979004 5000 pthrd_o 100 12
0.252235174179077 5000 pthrd_o 100 12
0.249288082122803 5000 pthrd_o 100 12
0.247859001159668 5000 pthrd_o 100 12
0.247741937637329 5000 pthrd_o 100 12
0.248464107513428 5000 pthrd_o 100 12
0.249487161636353 5000 pthrd_o 100 12
0.248340845108032 5000 pthrd_o 100 12
0.249085187911987 5000 pthrd_o 100 12
0.248297929763794 5000 pthrd_o 100 12
0.250078916549683 5000 pthrd_o 100 12
0.215507984161377 5000 pthrd_o 100 16
0.216792106628418 5000 pthrd_o 100 16
0.215279102325439 5000 pthrd_o 100 16
0.216659069061279 5000 pthrd_o 100 16
0.217834949493408 5000 pthrd_o 100 16
0.213922977447510 5000 pthrd_o 100 16
0.208765983581543 5000 pthrd_o 100 16
0.212962150573730 5000 pthrd_o 100 16
0.208438158035278 5000 pthrd_o 100 16
0.221379995346069 5000 pthrd_o 100 16
0.211828947067261 5000 pthrd_o 100 16
0.209491014480591 5000 pthrd_o 100 16
0.211482048034668 5000 pthrd_o 100 16
0.211010932922363 5000 pthrd_o 100 16
0.220948934555054 5000 pthrd_o 100 16
0.207972049713135 5000 pthrd_o 100 16
0.215428829193115 5000 pthrd_o 100 16
0.211167097091675 5000 pthrd_o 100 16
0.210299968719482 5000 pthrd_o 100 16
0.220666885375977 5000 pthrd_o 100 16
0.258212089538574 5000 pthrd_o 100 18
0.257498979568481 5000 pthrd_o 100 18
0.261261940002441 5000 pthrd_o 100 18
0.258030176162720 5000 pthrd_o 100 18
0.259500980377197 5000 pthrd_o 100 18
0.275607109069824 5000 pthrd_o 100 18
0.259691953659058 5000 pthrd_o 100 18
0.261266946792603 5000 pthrd_o 100 18
0.258718967437744 5000 pthrd_o 100 18
0.260885000228882 5000 pthrd_o 100 18
0.258936882019043 5000 pthrd_o 100 18
0.261269092559814 5000 pthrd_o 100 18
0.259496927261353 5000 pthrd_o 100 18
0.259229183197021 5000 pthrd_o 100 18
0.258893013000488 5000 pthrd_o 100 18
0.260817050933838 5000 pthrd_o 100 18
0.259372949600220 5000 pthrd_o 100 18
0.260737895965576 5000 pthrd_o 100 18
0.257834911346436 5000 pthrd_o 100 18
0.258898019790649 5000 pthrd_o 100 18
0.249085903167725 5000 pthrd_o 100 20
0.252660989761353 5000 pthrd_o 100 20
0.247035980224609 5000 pthrd_o 100 20
0.249614000320435 5000 pthrd_o 100 20
0.248069047927856 5000 pthrd_o 100 20
0.250184059143066 5000 pthrd_o 100 20
0.245109081268311 5000 pthrd_o 100 20
0.253327131271362 5000 pthrd_o 100 20
0.247202873229980 5000 pthrd_o 100 20
0.250320911407471 5000 pthrd_o 100 20
0.248096942901611 5000 pthrd_o 100 20
0.249480009078979 5000 pthrd_o 100 20
0.243602037429810 5000 pthrd_o 100 20
0.250160932540894 5000 pthrd_o 100 20
0.251976966857910 5000 pthrd_o 100 20
0.252621889114380 5000 pthrd_o 100 20
0.249372959136963 5000 pthrd_o 100 20
0.248741149902344 5000 pthrd_o 100 20
0.254127025604248 5000 pthrd_o 100 20
0.249927997589111 5000 pthrd_o 100 20
0.256310939788818 5000 pthrd_o 100 22
0.251513957977295 5000 pthrd_o 100 22
0.244090080261230 5000 pthrd_o 100 22
0.245591878890991 5000 pthrd_o 100 22
0.255047082901001 5000 pthrd_o 100 22
0.245667934417725 5000 pthrd_o 100 22
0.250054121017456 5000 pthrd_o 100 22
0.247189044952393 5000 pthrd_o 100 22
0.256422996520996 5000 pthrd_o 100 22
0.248657941818237 5000 pthrd_o 100 22
0.247008085250854 5000 pthrd_o 100 22
0.246234178543091 5000 pthrd_o 100 22
0.264367103576660 5000 pthrd_o 100 22
0.251893997192383 5000 pthrd_o 100 22
0.245029926300049 5000 pthrd_o 100 22
0.249412059783936 5000 pthrd_o 100 22
0.252557039260864 5000 pthrd_o 100 22
0.250354051589966 5000 pthrd_o 100 22
0.253356933593750 5000 pthrd_o 100 22
0.249837160110474 5000 pthrd_o 100 22
3.651752948760986 5000 pthrd_yu 100 1
1.280153989791870 5000 pthrd_yu 100 1
1.289426088333130 5000 pthrd_yu 100 1
1.275163173675537 5000 pthrd_yu 100 1
1.274071931838989 5000 pthrd_yu 100 1
1.280905961990356 5000 pthrd_yu 100 1
1.280686140060425 5000 pthrd_yu 100 1
1.283490180969238 5000 pthrd_yu 100 1
1.269623041152954 5000 pthrd_yu 100 1
1.272323131561279 5000 pthrd_yu 100 1
1.267421007156372 5000 pthrd_yu 100 1
1.260612010955811 5000 pthrd_yu 100 1
1.264285087585449 5000 pthrd_yu 100 1
1.274991035461426 5000 pthrd_yu 100 1
1.281096935272217 5000 pthrd_yu 100 1
1.270745038986206 5000 pthrd_yu 100 1
1.290875196456909 5000 pthrd_yu 100 1
1.283892869949341 5000 pthrd_yu 100 1
1.275974988937378 5000 pthrd_yu 100 1
1.274209022521973 5000 pthrd_yu 100 1
0.693247079849243 5000 pthrd_yu 100 2
0.675556182861328 5000 pthrd_yu 100 2
0.682769060134888 5000 pthrd_yu 100 2
0.682018041610718 5000 pthrd_yu 100 2
0.669075012207031 5000 pthrd_yu 100 2
0.697185039520264 5000 pthrd_yu 100 2
0.680633068084717 5000 pthrd_yu 100 2
0.700364828109741 5000 pthrd_yu 100 2
0.677052021026611 5000 pthrd_yu 100 2
0.675274848937988 5000 pthrd_yu 100 2
2.963365793228149 5000 pthrd_yu 100 2
0.688167095184326 5000 pthrd_yu 100 2
0.689656972885132 5000 pthrd_yu 100 2
0.676383018493652 5000 pthrd_yu 100 2
0.681607007980347 5000 pthrd_yu 100 2
0.677912950515747 5000 pthrd_yu 100 2
0.666997909545898 5000 pthrd_yu 100 2
0.687844038009644 5000 pthrd_yu 100 2
0.750309944152832 5000 pthrd_yu 100 2
0.678159952163696 5000 pthrd_yu 100 2
0.386405944824219 5000 pthrd_yu 100 4
0.379686117172241 5000 pthrd_yu 100 4
0.373050928115845 5000 pthrd_yu 100 4
0.373005151748657 5000 pthrd_yu 100 4
0.377449989318848 5000 pthrd_yu 100 4
0.373383045196533 5000 pthrd_yu 100 4
0.374902009963989 5000 pthrd_yu 100 4
0.373613834381104 5000 pthrd_yu 100 4
0.376520872116089 5000 pthrd_yu 100 4
0.361307144165039 5000 pthrd_yu 100 4
0.373718023300171 5000 pthrd_yu 100 4
0.372444868087769 5000 pthrd_yu 100 4
0.359018087387085 5000 pthrd_yu 100 4
0.366446971893311 5000 pthrd_yu 100 4
0.376456022262573 5000 pthrd_yu 100 4
0.361274957656860 5000 pthrd_yu 100 4
0.374751806259155 5000 pthrd_yu 100 4
0.370593786239624 5000 pthrd_yu 100 4
0.367549896240234 5000 pthrd_yu 100 4
0.362443923950195 5000 pthrd_yu 100 4
0.289538860321045 5000 pthrd_yu 100 6
0.261922121047974 5000 pthrd_yu 100 6
0.293735027313232 5000 pthrd_yu 100 6
0.279541969299316 5000 pthrd_yu 100 6
0.260156869888306 5000 pthrd_yu 100 6
0.263890981674194 5000 pthrd_yu 100 6
0.287947893142700 5000 pthrd_yu 100 6
0.273468971252441 5000 pthrd_yu 100 6
0.267796039581299 5000 pthrd_yu 100 6
0.278106927871704 5000 pthrd_yu 100 6
0.265187025070190 5000 pthrd_yu 100 6
0.268764972686768 5000 pthrd_yu 100 6
0.264585971832275 5000 pthrd_yu 100 6
0.279093027114868 5000 pthrd_yu 100 6
0.267237186431885 5000 pthrd_yu 100 6
0.262851953506470 5000 pthrd_yu 100 6
0.261456012725830 5000 pthrd_yu 100 6
0.267759799957275 5000 pthrd_yu 100 6
0.267894983291626 5000 pthrd_yu 100 6
0.267183780670166 5000 pthrd_yu 100 6
0.248425960540771 5000 pthrd_yu 100 7
0.248692989349365 5000 pthrd_yu 100 7
0.258286952972412 5000 pthrd_yu 100 7
0.252256155014038 5000 pthrd_yu 100 7
0.244382143020630 5000 pthrd_yu 100 7
0.253310918807983 5000 pthrd_yu 100 7
0.245582103729248 5000 pthrd_yu 100 7
0.247142076492310 5000 pthrd_yu 100 7
0.247014045715332 5000 pthrd_yu 100 7
0.248233079910278 5000 pthrd_yu 100 7
0.239500045776367 5000 pthrd_yu 100 7
0.269857883453369 5000 pthrd_yu 100 7
0.251194953918457 5000 pthrd_yu 100 7
0.244136095046997 5000 pthrd_yu 100 7
0.264489889144897 5000 pthrd_yu 100 7
0.259829998016357 5000 pthrd_yu 100 7
0.240256786346436 5000 pthrd_yu 100 7
0.257461071014404 5000 pthrd_yu 100 7
0.235706090927124 5000 pthrd_yu 100 7
0.247389793395996 5000 pthrd_yu 100 7
0.232772111892700 5000 pthrd_yu 100 8
0.262786865234375 5000 pthrd_yu 100 8
0.228172063827515 5000 pthrd_yu 100 8
0.251872062683105 5000 pthrd_yu 100 8
0.240123033523560 5000 pthrd_yu 100 8
0.256739854812622 5000 pthrd_yu 100 8
0.238651990890503 5000 pthrd_yu 100 8
0.254365921020508 5000 pthrd_yu 100 8
0.245620965957642 5000 pthrd_yu 100 8
0.239335060119629 5000 pthrd_yu 100 8
0.264822959899902 5000 pthrd_yu 100 8
0.254106998443604 5000 pthrd_yu 100 8
0.241782903671265 5000 pthrd_yu 100 8
0.255081892013550 5000 pthrd_yu 100 8
0.265309095382690 5000 pthrd_yu 100 8
0.245412826538086 5000 pthrd_yu 100 8
0.222079992294312 5000 pthrd_yu 100 8
0.236066102981567 5000 pthrd_yu 100 8
0.269448995590210 5000 pthrd_yu 100 8
0.227430105209351 5000 pthrd_yu 100 8
0.334349870681763 5000 pthrd_yu 100 9
0.337395191192627 5000 pthrd_yu 100 9
0.332664966583252 5000 pthrd_yu 100 9
0.326241016387939 5000 pthrd_yu 100 9
0.336900949478149 5000 pthrd_yu 100 9
0.339396953582764 5000 pthrd_yu 100 9
0.338524103164673 5000 pthrd_yu 100 9
0.342345952987671 5000 pthrd_yu 100 9
2.798686981201172 5000 pthrd_yu 100 9
0.338521957397461 5000 pthrd_yu 100 9
0.341382026672363 5000 pthrd_yu 100 9
0.340687036514282 5000 pthrd_yu 100 9
0.340871095657349 5000 pthrd_yu 100 9
0.343581914901733 5000 pthrd_yu 100 9
0.346666097640991 5000 pthrd_yu 100 9
0.343557119369507 5000 pthrd_yu 100 9
0.344013929367065 5000 pthrd_yu 100 9
0.335479021072388 5000 pthrd_yu 100 9
0.336272954940796 5000 pthrd_yu 100 9
0.338792800903320 5000 pthrd_yu 100 9
0.310422897338867 5000 pthrd_yu 100 10
0.305509090423584 5000 pthrd_yu 100 10
0.303086996078491 5000 pthrd_yu 100 10
0.305693149566650 5000 pthrd_yu 100 10
0.303069829940796 5000 pthrd_yu 100 10
0.307851076126099 5000 pthrd_yu 100 10
0.319406032562256 5000 pthrd_yu 100 10
0.312452077865601 5000 pthrd_yu 100 10
0.320235967636108 5000 pthrd_yu 100 10
0.320199966430664 5000 pthrd_yu 100 10
0.303070068359375 5000 pthrd_yu 100 10
0.303829193115234 5000 pthrd_yu 100 10
0.317912101745605 5000 pthrd_yu 100 10
0.301763057708740 5000 pthrd_yu 100 10
0.302891016006470 5000 pthrd_yu 100 10
0.316703796386719 5000 pthrd_yu 100 10
0.304255962371826 5000 pthrd_yu 100 10
0.294216871261597 5000 pthrd_yu 100 10
0.290793895721436 5000 pthrd_yu 100 10
0.286849975585938 5000 pthrd_yu 100 10
0.253431081771851 5000 pthrd_yu 100 12
0.252894878387451 5000 pthrd_yu 100 12
0.254853010177612 5000 pthrd_yu 100 12
0.252799987792969 5000 pthrd_yu 100 12
0.254360198974609 5000 pthrd_yu 100 12
0.256137847900391 5000 pthrd_yu 100 12
0.254075050354004 5000 pthrd_yu 100 12
0.253909111022949 5000 pthrd_yu 100 12
0.254009008407593 5000 pthrd_yu 100 12
0.253995895385742 5000 pthrd_yu 100 12
0.253679037094116 5000 pthrd_yu 100 12
0.251128911972046 5000 pthrd_yu 100 12
0.253251791000366 5000 pthrd_yu 100 12
0.254312992095947 5000 pthrd_yu 100 12
0.255225896835327 5000 pthrd_yu 100 12
0.255353927612305 5000 pthrd_yu 100 12
0.255424022674561 5000 pthrd_yu 100 12
0.253569126129150 5000 pthrd_yu 100 12
0.253425121307373 5000 pthrd_yu 100 12
0.256388902664185 5000 pthrd_yu 100 12
0.222561836242676 5000 pthrd_yu 100 16
0.217440128326416 5000 pthrd_yu 100 16
0.217025041580200 5000 pthrd_yu 100 16
0.218210935592651 5000 pthrd_yu 100 16
0.225767135620117 5000 pthrd_yu 100 16
0.221431016921997 5000 pthrd_yu 100 16
0.216874122619629 5000 pthrd_yu 100 16
0.224701881408691 5000 pthrd_yu 100 16
0.227432012557983 5000 pthrd_yu 100 16
0.235033988952637 5000 pthrd_yu 100 16
0.215836048126221 5000 pthrd_yu 100 16
0.220183134078979 5000 pthrd_yu 100 16
0.218250036239624 5000 pthrd_yu 100 16
0.230324029922485 5000 pthrd_yu 100 16
0.218261957168579 5000 pthrd_yu 100 16
0.219581127166748 5000 pthrd_yu 100 16
0.226291179656982 5000 pthrd_yu 100 16
0.227913141250610 5000 pthrd_yu 100 16
0.222543954849243 5000 pthrd_yu 100 16
0.223093986511230 5000 pthrd_yu 100 16
0.263856887817383 5000 pthrd_yu 100 18
0.261807918548584 5000 pthrd_yu 100 18
0.265071153640747 5000 pthrd_yu 100 18
0.261214971542358 5000 pthrd_yu 100 18
0.261541128158569 5000 pthrd_yu 100 18
0.262626886367798 5000 pthrd_yu 100 18
0.262924909591675 5000 pthrd_yu 100 18
0.262281179428101 5000 pthrd_yu 100 18
0.264592885971069 5000 pthrd_yu 100 18
0.262290000915527 5000 pthrd_yu 100 18
0.262911081314087 5000 pthrd_yu 100 18
0.264326095581055 5000 pthrd_yu 100 18
0.262964010238647 5000 pthrd_yu 100 18
0.262335062026978 5000 pthrd_yu 100 18
0.261817932128906 5000 pthrd_yu 100 18
0.262763977050781 5000 pthrd_yu 100 18
0.263005971908569 5000 pthrd_yu 100 18
0.262845039367676 5000 pthrd_yu 100 18
0.264582872390747 5000 pthrd_yu 100 18
0.262556791305542 5000 pthrd_yu 100 18
0.279341936111450 5000 pthrd_yu 100 20
0.272928953170776 5000 pthrd_yu 100 20
0.273213863372803 5000 pthrd_yu 100 20
0.268350124359131 5000 pthrd_yu 100 20
0.276000022888184 5000 pthrd_yu 100 20
0.276214122772217 5000 pthrd_yu 100 20
0.274313926696777 5000 pthrd_yu 100 20
0.272541999816895 5000 pthrd_yu 100 20
0.274093866348267 5000 pthrd_yu 100 20
0.275875091552734 5000 pthrd_yu 100 20
0.270666837692261 5000 pthrd_yu 100 20
0.274447917938232 5000 pthrd_yu 100 20
0.272611856460571 5000 pthrd_yu 100 20
0.270665884017944 5000 pthrd_yu 100 20
0.270181894302368 5000 pthrd_yu 100 20
0.272333860397339 5000 pthrd_yu 100 20
0.273152828216553 5000 pthrd_yu 100 20
0.271827936172485 5000 pthrd_yu 100 20
0.271440029144287 5000 pthrd_yu 100 20
0.270359992980957 5000 pthrd_yu 100 20
0.281088113784790 5000 pthrd_yu 100 22
0.277278900146484 5000 pthrd_yu 100 22
0.280735015869141 5000 pthrd_yu 100 22
0.279200077056885 5000 pthrd_yu 100 22
0.282413005828857 5000 pthrd_yu 100 22
0.281414985656738 5000 pthrd_yu 100 22
2.923739194869995 5000 pthrd_yu 100 22
0.278306007385254 5000 pthrd_yu 100 22
0.286215782165527 5000 pthrd_yu 100 22
0.279640913009644 5000 pthrd_yu 100 22
0.285557031631470 5000 pthrd_yu 100 22
0.289963006973267 5000 pthrd_yu 100 22
0.290630817413330 5000 pthrd_yu 100 22
0.287871122360229 5000 pthrd_yu 100 22
0.290468931198120 5000 pthrd_yu 100 22
0.287528991699219 5000 pthrd_yu 100 22
0.286678075790405 5000 pthrd_yu 100 22
0.286634922027588 5000 pthrd_yu 100 22
0.289073944091797 5000 pthrd_yu 100 22
0.289880990982056 5000 pthrd_yu 100 22
1.251984119415283 5000 pthrd_ov2 100 1
1.256471872329712 5000 pthrd_ov2 100 1
1.224212884902954 5000 pthrd_ov2 100 1
1.234883785247803 5000 pthrd_ov2 100 1
1.221295118331909 5000 pthrd_ov2 100 1
1.221674919128418 5000 pthrd_ov2 100 1
1.225966930389404 5000 pthrd_ov2 100 1
1.223961830139160 5000 pthrd_ov2 100 1
1.244845151901245 5000 pthrd_ov2 100 1
1.291428089141846 5000 pthrd_ov2 100 1
1.291172981262207 5000 pthrd_ov2 100 1
1.312318801879883 5000 pthrd_ov2 100 1
1.290404081344604 5000 pthrd_ov2 100 1
1.292249202728271 5000 pthrd_ov2 100 1
1.292828083038330 5000 pthrd_ov2 100 1
3.507902145385742 5000 pthrd_ov2 100 1
1.323254823684692 5000 pthrd_ov2 100 1
1.324223995208740 5000 pthrd_ov2 100 1
1.326239109039307 5000 pthrd_ov2 100 1
1.324720859527588 5000 pthrd_ov2 100 1
0.681274890899658 5000 pthrd_ov2 100 2
0.662308216094971 5000 pthrd_ov2 100 2
0.627682209014893 5000 pthrd_ov2 100 2
0.628433942794800 5000 pthrd_ov2 100 2
0.633194923400879 5000 pthrd_ov2 100 2
0.629506826400757 5000 pthrd_ov2 100 2
0.623450040817261 5000 pthrd_ov2 100 2
0.646492004394531 5000 pthrd_ov2 100 2
0.657954931259155 5000 pthrd_ov2 100 2
0.654239892959595 5000 pthrd_ov2 100 2
0.658141136169434 5000 pthrd_ov2 100 2
0.665411949157715 5000 pthrd_ov2 100 2
0.657715082168579 5000 pthrd_ov2 100 2
0.643590927124023 5000 pthrd_ov2 100 2
0.660703897476196 5000 pthrd_ov2 100 2
0.654716968536377 5000 pthrd_ov2 100 2
0.664472103118896 5000 pthrd_ov2 100 2
0.659463882446289 5000 pthrd_ov2 100 2
0.646311044692993 5000 pthrd_ov2 100 2
0.645354032516479 5000 pthrd_ov2 100 2
0.348420143127441 5000 pthrd_ov2 100 4
0.350275993347168 5000 pthrd_ov2 100 4
0.354315996170044 5000 pthrd_ov2 100 4
0.356317043304443 5000 pthrd_ov2 100 4
0.356119871139526 5000 pthrd_ov2 100 4
0.351619958877563 5000 pthrd_ov2 100 4
0.348706007003784 5000 pthrd_ov2 100 4
0.357823133468628 5000 pthrd_ov2 100 4
0.346809148788452 5000 pthrd_ov2 100 4
0.349924087524414 5000 pthrd_ov2 100 4
0.360476016998291 5000 pthrd_ov2 100 4
0.364598989486694 5000 pthrd_ov2 100 4
0.380183935165405 5000 pthrd_ov2 100 4
0.367378950119019 5000 pthrd_ov2 100 4
0.370929002761841 5000 pthrd_ov2 100 4
0.373224020004272 5000 pthrd_ov2 100 4
0.377673149108887 5000 pthrd_ov2 100 4
0.366947174072266 5000 pthrd_ov2 100 4
0.380445957183838 5000 pthrd_ov2 100 4
0.374395847320557 5000 pthrd_ov2 100 4
0.266437053680420 5000 pthrd_ov2 100 6
0.263722181320190 5000 pthrd_ov2 100 6
0.270112991333008 5000 pthrd_ov2 100 6
0.267320156097412 5000 pthrd_ov2 100 6
0.267715930938721 5000 pthrd_ov2 100 6
0.263378143310547 5000 pthrd_ov2 100 6
0.268908023834229 5000 pthrd_ov2 100 6
0.262825012207031 5000 pthrd_ov2 100 6
0.264689922332764 5000 pthrd_ov2 100 6
0.263292074203491 5000 pthrd_ov2 100 6
0.275797843933105 5000 pthrd_ov2 100 6
0.266175985336304 5000 pthrd_ov2 100 6
0.261618137359619 5000 pthrd_ov2 100 6
0.261234045028687 5000 pthrd_ov2 100 6
0.264196157455444 5000 pthrd_ov2 100 6
0.260964870452881 5000 pthrd_ov2 100 6
0.264954805374146 5000 pthrd_ov2 100 6
0.263618230819702 5000 pthrd_ov2 100 6
0.274764060974121 5000 pthrd_ov2 100 6
0.278136968612671 5000 pthrd_ov2 100 6
0.245164871215820 5000 pthrd_ov2 100 7
2.650201082229614 5000 pthrd_ov2 100 7
0.269572973251343 5000 pthrd_ov2 100 7
0.249011039733887 5000 pthrd_ov2 100 7
0.244452953338623 5000 pthrd_ov2 100 7
0.254144906997681 5000 pthrd_ov2 100 7
0.259082794189453 5000 pthrd_ov2 100 7
0.248434066772461 5000 pthrd_ov2 100 7
0.241622924804688 5000 pthrd_ov2 100 7
0.254943132400513 5000 pthrd_ov2 100 7
0.252032995223999 5000 pthrd_ov2 100 7
0.239941120147705 5000 pthrd_ov2 100 7
0.246241092681885 5000 pthrd_ov2 100 7
0.252068042755127 5000 pthrd_ov2 100 7
0.248200893402100 5000 pthrd_ov2 100 7
0.259397983551025 5000 pthrd_ov2 100 7
0.245635986328125 5000 pthrd_ov2 100 7
0.245593070983887 5000 pthrd_ov2 100 7
0.251873970031738 5000 pthrd_ov2 100 7
0.242442846298218 5000 pthrd_ov2 100 7
0.214652061462402 5000 pthrd_ov2 100 8
0.234965085983276 5000 pthrd_ov2 100 8
0.221643924713135 5000 pthrd_ov2 100 8
0.219676017761230 5000 pthrd_ov2 100 8
0.250735044479370 5000 pthrd_ov2 100 8
0.230504035949707 5000 pthrd_ov2 100 8
0.225489139556885 5000 pthrd_ov2 100 8
0.212292909622192 5000 pthrd_ov2 100 8
0.239946126937866 5000 pthrd_ov2 100 8
0.227169036865234 5000 pthrd_ov2 100 8
0.213999032974243 5000 pthrd_ov2 100 8
0.221436023712158 5000 pthrd_ov2 100 8
0.204457044601440 5000 pthrd_ov2 100 8
0.234401941299438 5000 pthrd_ov2 100 8
0.222618818283081 5000 pthrd_ov2 100 8
0.206707954406738 5000 pthrd_ov2 100 8
0.203153133392334 5000 pthrd_ov2 100 8
0.264062881469727 5000 pthrd_ov2 100 8
0.232693910598755 5000 pthrd_ov2 100 8
0.209776878356934 5000 pthrd_ov2 100 8
0.309571981430054 5000 pthrd_ov2 100 9
0.316272020339966 5000 pthrd_ov2 100 9
0.306981086730957 5000 pthrd_ov2 100 9
0.312800884246826 5000 pthrd_ov2 100 9
0.322852849960327 5000 pthrd_ov2 100 9
0.326556921005249 5000 pthrd_ov2 100 9
0.325100898742676 5000 pthrd_ov2 100 9
0.319253921508789 5000 pthrd_ov2 100 9
0.321109771728516 5000 pthrd_ov2 100 9
0.316873073577881 5000 pthrd_ov2 100 9
0.312359094619751 5000 pthrd_ov2 100 9
0.307369947433472 5000 pthrd_ov2 100 9
0.315533876419067 5000 pthrd_ov2 100 9
0.315120935440063 5000 pthrd_ov2 100 9
0.312463998794556 5000 pthrd_ov2 100 9
0.309508085250854 5000 pthrd_ov2 100 9
0.311432838439941 5000 pthrd_ov2 100 9
0.313658952713013 5000 pthrd_ov2 100 9
0.308945894241333 5000 pthrd_ov2 100 9
0.305879116058350 5000 pthrd_ov2 100 9
0.279434919357300 5000 pthrd_ov2 100 10
0.279672861099243 5000 pthrd_ov2 100 10
0.280345916748047 5000 pthrd_ov2 100 10
0.283969879150391 5000 pthrd_ov2 100 10
0.284238100051880 5000 pthrd_ov2 100 10
0.281075000762939 5000 pthrd_ov2 100 10
0.281687021255493 5000 pthrd_ov2 100 10
0.277909994125366 5000 pthrd_ov2 100 10
0.277915954589844 5000 pthrd_ov2 100 10
0.283100843429565 5000 pthrd_ov2 100 10
0.282461881637573 5000 pthrd_ov2 100 10
0.281675100326538 5000 pthrd_ov2 100 10
0.280224084854126 5000 pthrd_ov2 100 10
0.283044099807739 5000 pthrd_ov2 100 10
0.279025077819824 5000 pthrd_ov2 100 10
0.278712987899780 5000 pthrd_ov2 100 10
0.282939195632935 5000 pthrd_ov2 100 10
0.281933069229126 5000 pthrd_ov2 100 10
0.280575037002563 5000 pthrd_ov2 100 10
0.280844211578369 5000 pthrd_ov2 100 10
0.242074966430664 5000 pthrd_ov2 100 12
0.241008996963501 5000 pthrd_ov2 100 12
0.242728948593140 5000 pthrd_ov2 100 12
0.244626045227051 5000 pthrd_ov2 100 12
0.241230010986328 5000 pthrd_ov2 100 12
0.241314172744751 5000 pthrd_ov2 100 12
0.240836858749390 5000 pthrd_ov2 100 12
0.241125106811523 5000 pthrd_ov2 100 12
0.248143196105957 5000 pthrd_ov2 100 12
0.257002830505371 5000 pthrd_ov2 100 12
0.254956960678101 5000 pthrd_ov2 100 12
0.254091978073120 5000 pthrd_ov2 100 12
0.253789901733398 5000 pthrd_ov2 100 12
0.254688978195190 5000 pthrd_ov2 100 12
0.254869937896729 5000 pthrd_ov2 100 12
0.254297018051147 5000 pthrd_ov2 100 12
0.254676103591919 5000 pthrd_ov2 100 12
0.271453857421875 5000 pthrd_ov2 100 12
0.254781007766724 5000 pthrd_ov2 100 12
0.253678083419800 5000 pthrd_ov2 100 12
0.217736959457397 5000 pthrd_ov2 100 16
0.216451883316040 5000 pthrd_ov2 100 16
0.214457035064697 5000 pthrd_ov2 100 16
0.221892118453979 5000 pthrd_ov2 100 16
0.218250036239624 5000 pthrd_ov2 100 16
0.215786933898926 5000 pthrd_ov2 100 16
0.214840888977051 5000 pthrd_ov2 100 16
0.215924024581909 5000 pthrd_ov2 100 16
0.222275972366333 5000 pthrd_ov2 100 16
0.222373008728027 5000 pthrd_ov2 100 16
0.224229097366333 5000 pthrd_ov2 100 16
0.215130090713501 5000 pthrd_ov2 100 16
0.220721006393433 5000 pthrd_ov2 100 16
0.222609996795654 5000 pthrd_ov2 100 16
0.214174985885620 5000 pthrd_ov2 100 16
0.217453002929688 5000 pthrd_ov2 100 16
0.212411165237427 5000 pthrd_ov2 100 16
0.225859880447388 5000 pthrd_ov2 100 16
0.214936017990112 5000 pthrd_ov2 100 16
0.215375900268555 5000 pthrd_ov2 100 16
0.264996051788330 5000 pthrd_ov2 100 18
0.266804933547974 5000 pthrd_ov2 100 18
0.270727872848511 5000 pthrd_ov2 100 18
0.268906116485596 5000 pthrd_ov2 100 18
0.270813941955566 5000 pthrd_ov2 100 18
0.269641160964966 5000 pthrd_ov2 100 18
2.452934980392456 5000 pthrd_ov2 100 18
0.268692970275879 5000 pthrd_ov2 100 18
0.270297050476074 5000 pthrd_ov2 100 18
0.270241975784302 5000 pthrd_ov2 100 18
0.270533084869385 5000 pthrd_ov2 100 18
0.267979860305786 5000 pthrd_ov2 100 18
0.270453929901123 5000 pthrd_ov2 100 18
0.270251035690308 5000 pthrd_ov2 100 18
0.269742965698242 5000 pthrd_ov2 100 18
0.269210100173950 5000 pthrd_ov2 100 18
0.269482851028442 5000 pthrd_ov2 100 18
0.270244121551514 5000 pthrd_ov2 100 18
0.270549058914185 5000 pthrd_ov2 100 18
0.270230054855347 5000 pthrd_ov2 100 18
0.256524085998535 5000 pthrd_ov2 100 20
0.258564949035645 5000 pthrd_ov2 100 20
0.257385969161987 5000 pthrd_ov2 100 20
0.261141061782837 5000 pthrd_ov2 100 20
0.256591796875000 5000 pthrd_ov2 100 20
0.258758068084717 5000 pthrd_ov2 100 20
0.258181095123291 5000 pthrd_ov2 100 20
0.260186910629272 5000 pthrd_ov2 100 20
0.257818937301636 5000 pthrd_ov2 100 20
0.258481025695801 5000 pthrd_ov2 100 20
0.259737014770508 5000 pthrd_ov2 100 20
0.259025096893311 5000 pthrd_ov2 100 20
0.247684001922607 5000 pthrd_ov2 100 20
0.240894079208374 5000 pthrd_ov2 100 20
0.246948003768921 5000 pthrd_ov2 100 20
0.237605094909668 5000 pthrd_ov2 100 20
0.243782043457031 5000 pthrd_ov2 100 20
0.240502834320068 5000 pthrd_ov2 100 20
0.247696876525879 5000 pthrd_ov2 100 20
0.240510940551758 5000 pthrd_ov2 100 20
0.240019083023071 5000 pthrd_ov2 100 22
0.238420009613037 5000 pthrd_ov2 100 22
0.259824037551880 5000 pthrd_ov2 100 22
0.236701965332031 5000 pthrd_ov2 100 22
0.236845970153809 5000 pthrd_ov2 100 22
0.242295026779175 5000 pthrd_ov2 100 22
0.248952865600586 5000 pthrd_ov2 100 22
0.241798162460327 5000 pthrd_ov2 100 22
0.239714145660400 5000 pthrd_ov2 100 22
0.245788097381592 5000 pthrd_ov2 100 22
0.252063035964966 5000 pthrd_ov2 100 22
0.237366199493408 5000 pthrd_ov2 100 22
0.238339900970459 5000 pthrd_ov2 100 22
0.240169048309326 5000 pthrd_ov2 100 22
0.245366096496582 5000 pthrd_ov2 100 22
0.246266126632690 5000 pthrd_ov2 100 22
0.242438077926636 5000 pthrd_ov2 100 22
0.246263027191162 5000 pthrd_ov2 100 22
0.242464065551758 5000 pthrd_ov2 100 22
0.239483833312988 5000 pthrd_ov2 100 22
1.266237020492554 5000 pthrd_ov3 100 1
1.325193166732788 5000 pthrd_ov3 100 1
1.344583988189697 5000 pthrd_ov3 100 1
1.311980962753296 5000 pthrd_ov3 100 1
1.303972959518433 5000 pthrd_ov3 100 1
1.289921998977661 5000 pthrd_ov3 100 1
1.330276966094971 5000 pthrd_ov3 100 1
1.308506965637207 5000 pthrd_ov3 100 1
1.291520833969116 5000 pthrd_ov3 100 1
1.285871028900146 5000 pthrd_ov3 100 1
3.669337034225464 5000 pthrd_ov3 100 1
1.306613922119141 5000 pthrd_ov3 100 1
1.325052976608276 5000 pthrd_ov3 100 1
1.325865030288696 5000 pthrd_ov3 100 1
1.371603012084961 5000 pthrd_ov3 100 1
1.294494867324829 5000 pthrd_ov3 100 1
1.303986072540283 5000 pthrd_ov3 100 1
1.386339902877808 5000 pthrd_ov3 100 1
1.332929849624634 5000 pthrd_ov3 100 1
1.346962928771973 5000 pthrd_ov3 100 1
0.708832979202271 5000 pthrd_ov3 100 2
0.723396062850952 5000 pthrd_ov3 100 2
0.693516969680786 5000 pthrd_ov3 100 2
0.681600093841553 5000 pthrd_ov3 100 2
0.711688995361328 5000 pthrd_ov3 100 2
0.689569950103760 5000 pthrd_ov3 100 2
0.684723138809204 5000 pthrd_ov3 100 2
0.694801092147827 5000 pthrd_ov3 100 2
0.665978908538818 5000 pthrd_ov3 100 2
0.661558866500854 5000 pthrd_ov3 100 2
0.659893035888672 5000 pthrd_ov3 100 2
0.653938055038452 5000 pthrd_ov3 100 2
0.671447992324829 5000 pthrd_ov3 100 2
0.654953002929688 5000 pthrd_ov3 100 2
0.678820133209229 5000 pthrd_ov3 100 2
0.657959938049316 5000 pthrd_ov3 100 2
0.675246000289917 5000 pthrd_ov3 100 2
0.671075820922852 5000 pthrd_ov3 100 2
0.668555021286011 5000 pthrd_ov3 100 2
0.660637140274048 5000 pthrd_ov3 100 2
0.357002973556519 5000 pthrd_ov3 100 4
0.363801956176758 5000 pthrd_ov3 100 4
0.357021093368530 5000 pthrd_ov3 100 4
0.404574155807495 5000 pthrd_ov3 100 4
0.374572992324829 5000 pthrd_ov3 100 4
0.369570016860962 5000 pthrd_ov3 100 4
0.367295026779175 5000 pthrd_ov3 100 4
0.365803956985474 5000 pthrd_ov3 100 4
0.370055913925171 5000 pthrd_ov3 100 4
0.368412017822266 5000 pthrd_ov3 100 4
0.357633113861084 5000 pthrd_ov3 100 4
0.365760803222656 5000 pthrd_ov3 100 4
0.365019083023071 5000 pthrd_ov3 100 4
0.365310192108154 5000 pthrd_ov3 100 4
0.377071857452393 5000 pthrd_ov3 100 4
0.365005970001221 5000 pthrd_ov3 100 4
2.459536075592041 5000 pthrd_ov3 100 4
0.430215835571289 5000 pthrd_ov3 100 4
0.362462997436523 5000 pthrd_ov3 100 4
0.367345094680786 5000 pthrd_ov3 100 4
0.257799863815308 5000 pthrd_ov3 100 6
0.261629819869995 5000 pthrd_ov3 100 6
0.255972862243652 5000 pthrd_ov3 100 6
0.257536172866821 5000 pthrd_ov3 100 6
0.260540008544922 5000 pthrd_ov3 100 6
0.255522966384888 5000 pthrd_ov3 100 6
0.258576869964600 5000 pthrd_ov3 100 6
0.258375167846680 5000 pthrd_ov3 100 6
0.251072883605957 5000 pthrd_ov3 100 6
0.260726928710938 5000 pthrd_ov3 100 6
0.252475976943970 5000 pthrd_ov3 100 6
0.256780147552490 5000 pthrd_ov3 100 6
0.263206958770752 5000 pthrd_ov3 100 6
0.257201910018921 5000 pthrd_ov3 100 6
0.261367082595825 5000 pthrd_ov3 100 6
0.263242959976196 5000 pthrd_ov3 100 6
0.262924909591675 5000 pthrd_ov3 100 6
0.263531923294067 5000 pthrd_ov3 100 6
0.257495164871216 5000 pthrd_ov3 100 6
0.265866994857788 5000 pthrd_ov3 100 6
0.235535144805908 5000 pthrd_ov3 100 7
0.223321199417114 5000 pthrd_ov3 100 7
0.225185155868530 5000 pthrd_ov3 100 7
0.247324943542480 5000 pthrd_ov3 100 7
0.237468004226685 5000 pthrd_ov3 100 7
0.230895996093750 5000 pthrd_ov3 100 7
0.224430084228516 5000 pthrd_ov3 100 7
0.244602918624878 5000 pthrd_ov3 100 7
0.252813100814819 5000 pthrd_ov3 100 7
0.244489908218384 5000 pthrd_ov3 100 7
0.240109920501709 5000 pthrd_ov3 100 7
0.233659982681274 5000 pthrd_ov3 100 7
0.246139049530029 5000 pthrd_ov3 100 7
0.226593971252441 5000 pthrd_ov3 100 7
0.230432987213135 5000 pthrd_ov3 100 7
0.242601871490479 5000 pthrd_ov3 100 7
0.247983932495117 5000 pthrd_ov3 100 7
0.224569082260132 5000 pthrd_ov3 100 7
0.226674079895020 5000 pthrd_ov3 100 7
0.242805957794189 5000 pthrd_ov3 100 7
0.234729051589966 5000 pthrd_ov3 100 8
0.234740972518921 5000 pthrd_ov3 100 8
0.209432840347290 5000 pthrd_ov3 100 8
0.213742971420288 5000 pthrd_ov3 100 8
0.225064992904663 5000 pthrd_ov3 100 8
0.264751911163330 5000 pthrd_ov3 100 8
0.216758966445923 5000 pthrd_ov3 100 8
0.224111795425415 5000 pthrd_ov3 100 8
0.226161003112793 5000 pthrd_ov3 100 8
0.223024129867554 5000 pthrd_ov3 100 8
0.254395961761475 5000 pthrd_ov3 100 8
0.217151880264282 5000 pthrd_ov3 100 8
0.218317031860352 5000 pthrd_ov3 100 8
0.262251853942871 5000 pthrd_ov3 100 8
0.238728046417236 5000 pthrd_ov3 100 8
0.212411880493164 5000 pthrd_ov3 100 8
0.217401981353760 5000 pthrd_ov3 100 8
0.222728967666626 5000 pthrd_ov3 100 8
0.206072092056274 5000 pthrd_ov3 100 8
0.249984979629517 5000 pthrd_ov3 100 8
0.317346096038818 5000 pthrd_ov3 100 9
0.322390079498291 5000 pthrd_ov3 100 9
0.319195985794067 5000 pthrd_ov3 100 9
0.330931901931763 5000 pthrd_ov3 100 9
0.326678037643433 5000 pthrd_ov3 100 9
0.325439929962158 5000 pthrd_ov3 100 9
0.321416854858398 5000 pthrd_ov3 100 9
0.319455862045288 5000 pthrd_ov3 100 9
0.329886913299561 5000 pthrd_ov3 100 9
0.329613924026489 5000 pthrd_ov3 100 9
0.327224016189575 5000 pthrd_ov3 100 9
0.319985866546631 5000 pthrd_ov3 100 9
0.320902109146118 5000 pthrd_ov3 100 9
0.310892105102539 5000 pthrd_ov3 100 9
0.313642024993896 5000 pthrd_ov3 100 9
0.320921897888184 5000 pthrd_ov3 100 9
0.324695825576782 5000 pthrd_ov3 100 9
0.317235946655273 5000 pthrd_ov3 100 9
0.315069198608398 5000 pthrd_ov3 100 9
0.321698904037476 5000 pthrd_ov3 100 9
0.294250011444092 5000 pthrd_ov3 100 10
0.290148973464966 5000 pthrd_ov3 100 10
0.291577100753784 5000 pthrd_ov3 100 10
0.296942949295044 5000 pthrd_ov3 100 10
0.291028022766113 5000 pthrd_ov3 100 10
0.289547920227051 5000 pthrd_ov3 100 10
0.289058923721313 5000 pthrd_ov3 100 10
0.287441968917847 5000 pthrd_ov3 100 10
0.289559125900269 5000 pthrd_ov3 100 10
0.297017097473145 5000 pthrd_ov3 100 10
0.300328016281128 5000 pthrd_ov3 100 10
0.291756153106689 5000 pthrd_ov3 100 10
0.297410964965820 5000 pthrd_ov3 100 10
0.297236919403076 5000 pthrd_ov3 100 10
0.289813041687012 5000 pthrd_ov3 100 10
0.294645786285400 5000 pthrd_ov3 100 10
0.287776947021484 5000 pthrd_ov3 100 10
0.290206909179688 5000 pthrd_ov3 100 10
0.292938947677612 5000 pthrd_ov3 100 10
0.290314197540283 5000 pthrd_ov3 100 10
0.252262830734253 5000 pthrd_ov3 100 12
0.249336957931519 5000 pthrd_ov3 100 12
0.250294923782349 5000 pthrd_ov3 100 12
0.251357078552246 5000 pthrd_ov3 100 12
0.280066967010498 5000 pthrd_ov3 100 12
0.251353979110718 5000 pthrd_ov3 100 12
0.259424924850464 5000 pthrd_ov3 100 12
0.258027076721191 5000 pthrd_ov3 100 12
0.280682086944580 5000 pthrd_ov3 100 12
0.249050855636597 5000 pthrd_ov3 100 12
0.249807834625244 5000 pthrd_ov3 100 12
0.250604867935181 5000 pthrd_ov3 100 12
0.250040054321289 5000 pthrd_ov3 100 12
0.249841928482056 5000 pthrd_ov3 100 12
0.249782085418701 5000 pthrd_ov3 100 12
0.249576091766357 5000 pthrd_ov3 100 12
2.495463848114014 5000 pthrd_ov3 100 12
0.249076128005981 5000 pthrd_ov3 100 12
0.249505996704102 5000 pthrd_ov3 100 12
0.250738859176636 5000 pthrd_ov3 100 12
0.211577892303467 5000 pthrd_ov3 100 16
0.210658073425293 5000 pthrd_ov3 100 16
0.232128143310547 5000 pthrd_ov3 100 16
0.242817163467407 5000 pthrd_ov3 100 16
0.279861927032471 5000 pthrd_ov3 100 16
0.229105949401855 5000 pthrd_ov3 100 16
0.221765041351318 5000 pthrd_ov3 100 16
0.225924015045166 5000 pthrd_ov3 100 16
0.232398986816406 5000 pthrd_ov3 100 16
0.231868982315063 5000 pthrd_ov3 100 16
0.232343196868896 5000 pthrd_ov3 100 16
0.227351903915405 5000 pthrd_ov3 100 16
0.235906124114990 5000 pthrd_ov3 100 16
0.241891145706177 5000 pthrd_ov3 100 16
0.269937038421631 5000 pthrd_ov3 100 16
0.250926971435547 5000 pthrd_ov3 100 16
0.235538005828857 5000 pthrd_ov3 100 16
0.241960048675537 5000 pthrd_ov3 100 16
0.243041038513184 5000 pthrd_ov3 100 16
0.236304998397827 5000 pthrd_ov3 100 16
0.285175085067749 5000 pthrd_ov3 100 18
0.261881113052368 5000 pthrd_ov3 100 18
0.263128042221069 5000 pthrd_ov3 100 18
0.265237092971802 5000 pthrd_ov3 100 18
0.266986131668091 5000 pthrd_ov3 100 18
0.286985158920288 5000 pthrd_ov3 100 18
0.268840074539185 5000 pthrd_ov3 100 18
0.260972023010254 5000 pthrd_ov3 100 18
0.260409116744995 5000 pthrd_ov3 100 18
0.262745141983032 5000 pthrd_ov3 100 18
0.261489868164062 5000 pthrd_ov3 100 18
0.261049032211304 5000 pthrd_ov3 100 18
0.260833978652954 5000 pthrd_ov3 100 18
0.261353969573975 5000 pthrd_ov3 100 18
0.261307954788208 5000 pthrd_ov3 100 18
0.259926080703735 5000 pthrd_ov3 100 18
0.263267993927002 5000 pthrd_ov3 100 18
0.265857934951782 5000 pthrd_ov3 100 18
0.260485887527466 5000 pthrd_ov3 100 18
0.263744115829468 5000 pthrd_ov3 100 18
0.250434875488281 5000 pthrd_ov3 100 20
0.250530004501343 5000 pthrd_ov3 100 20
0.253974914550781 5000 pthrd_ov3 100 20
0.253030061721802 5000 pthrd_ov3 100 20
0.246870994567871 5000 pthrd_ov3 100 20
0.249819993972778 5000 pthrd_ov3 100 20
0.252058982849121 5000 pthrd_ov3 100 20
0.247543096542358 5000 pthrd_ov3 100 20
0.248897075653076 5000 pthrd_ov3 100 20
0.248770952224731 5000 pthrd_ov3 100 20
0.254555940628052 5000 pthrd_ov3 100 20
0.245507955551147 5000 pthrd_ov3 100 20
0.246266126632690 5000 pthrd_ov3 100 20
0.246112108230591 5000 pthrd_ov3 100 20
0.251427173614502 5000 pthrd_ov3 100 20
0.253189086914062 5000 pthrd_ov3 100 20
0.245284080505371 5000 pthrd_ov3 100 20
0.249158859252930 5000 pthrd_ov3 100 20
0.253085136413574 5000 pthrd_ov3 100 20
0.249516963958740 5000 pthrd_ov3 100 20
0.244557142257690 5000 pthrd_ov3 100 22
0.247800827026367 5000 pthrd_ov3 100 22
0.252507925033569 5000 pthrd_ov3 100 22
0.245646953582764 5000 pthrd_ov3 100 22
0.245212793350220 5000 pthrd_ov3 100 22
0.245439052581787 5000 pthrd_ov3 100 22
0.250838994979858 5000 pthrd_ov3 100 22
0.255192995071411 5000 pthrd_ov3 100 22
0.244116067886353 5000 pthrd_ov3 100 22
0.246880054473877 5000 pthrd_ov3 100 22
0.250825166702271 5000 pthrd_ov3 100 22
0.246092081069946 5000 pthrd_ov3 100 22
0.242806911468506 5000 pthrd_ov3 100 22
0.244086980819702 5000 pthrd_ov3 100 22
0.251178979873657 5000 pthrd_ov3 100 22
0.253307104110718 5000 pthrd_ov3 100 22
0.252457857131958 5000 pthrd_ov3 100 22
0.244606018066406 5000 pthrd_ov3 100 22
0.245992898941040 5000 pthrd_ov3 100 22
0.249016046524048 5000 pthrd_ov3 100 22
1.282883167266846 5000 omp 100 1
1.367444992065430 5000 omp 100 1
1.347726106643677 5000 omp 100 1
1.301086902618408 5000 omp 100 1
3.664463996887207 5000 omp 100 1
1.397300004959106 5000 omp 100 1
1.342355966567993 5000 omp 100 1
1.340787887573242 5000 omp 100 1
1.424990892410278 5000 omp 100 1
1.388149023056030 5000 omp 100 1
1.386304855346680 5000 omp 100 1
1.324173927307129 5000 omp 100 1
1.311891794204712 5000 omp 100 1
1.240086078643799 5000 omp 100 1
1.309386014938354 5000 omp 100 1
1.300492048263550 5000 omp 100 1
1.302114009857178 5000 omp 100 1
1.335963010787964 5000 omp 100 1
1.263444900512695 5000 omp 100 1
1.258599042892456 5000 omp 100 1
0.999455928802490 5000 omp 100 2
1.004909992218018 5000 omp 100 2
1.010562181472778 5000 omp 100 2
0.984983921051025 5000 omp 100 2
1.055132865905762 5000 omp 100 2
1.050357103347778 5000 omp 100 2
1.019984006881714 5000 omp 100 2
1.064208984375000 5000 omp 100 2
1.049249887466431 5000 omp 100 2
0.999671936035156 5000 omp 100 2
1.036298036575317 5000 omp 100 2
3.533287763595581 5000 omp 100 2
1.053638935089111 5000 omp 100 2
1.055763959884644 5000 omp 100 2
1.082535982131958 5000 omp 100 2
1.110961914062500 5000 omp 100 2
1.065207958221436 5000 omp 100 2
1.043662071228027 5000 omp 100 2
1.025211095809937 5000 omp 100 2
1.042299032211304 5000 omp 100 2
0.614464998245239 5000 omp 100 4
0.596742868423462 5000 omp 100 4
0.591843128204346 5000 omp 100 4
0.629730939865112 5000 omp 100 4
0.629100084304810 5000 omp 100 4
0.592607021331787 5000 omp 100 4
0.605576992034912 5000 omp 100 4
0.583754062652588 5000 omp 100 4
0.608175992965698 5000 omp 100 4
0.595557928085327 5000 omp 100 4
0.578598022460938 5000 omp 100 4
0.612631082534790 5000 omp 100 4
0.625383138656616 5000 omp 100 4
0.611013174057007 5000 omp 100 4
0.596961021423340 5000 omp 100 4
0.635280847549438 5000 omp 100 4
0.606950044631958 5000 omp 100 4
0.628089904785156 5000 omp 100 4
0.619517087936401 5000 omp 100 4
0.608777999877930 5000 omp 100 4
0.440658092498779 5000 omp 100 6
0.452850103378296 5000 omp 100 6
0.420799016952515 5000 omp 100 6
0.422021865844727 5000 omp 100 6
0.446542978286743 5000 omp 100 6
0.445411920547485 5000 omp 100 6
0.457323074340820 5000 omp 100 6
0.431529045104980 5000 omp 100 6
0.475810050964355 5000 omp 100 6
0.463791847229004 5000 omp 100 6
0.461930036544800 5000 omp 100 6
0.421619892120361 5000 omp 100 6
0.463118076324463 5000 omp 100 6
0.452443122863770 5000 omp 100 6
0.458621978759766 5000 omp 100 6
0.508406877517700 5000 omp 100 6
0.441854000091553 5000 omp 100 6
0.476419925689697 5000 omp 100 6
0.459549903869629 5000 omp 100 6
0.469369173049927 5000 omp 100 6
0.397194862365723 5000 omp 100 7
0.410689115524292 5000 omp 100 7
0.403926849365234 5000 omp 100 7
0.455812931060791 5000 omp 100 7
0.427256107330322 5000 omp 100 7
2.849498033523560 5000 omp 100 7
0.443525075912476 5000 omp 100 7
0.424484968185425 5000 omp 100 7
0.419090032577515 5000 omp 100 7
0.455773830413818 5000 omp 100 7
0.427659034729004 5000 omp 100 7
0.421378135681152 5000 omp 100 7
0.432384967803955 5000 omp 100 7
0.508717060089111 5000 omp 100 7
0.437441825866699 5000 omp 100 7
0.447951078414917 5000 omp 100 7
0.441246986389160 5000 omp 100 7
0.429367065429688 5000 omp 100 7
0.435774087905884 5000 omp 100 7
0.452777862548828 5000 omp 100 7
0.441666841506958 5000 omp 100 8
0.425920009613037 5000 omp 100 8
0.386332035064697 5000 omp 100 8
0.386173963546753 5000 omp 100 8
0.364555120468140 5000 omp 100 8
0.379631042480469 5000 omp 100 8
0.382503986358643 5000 omp 100 8
0.364114046096802 5000 omp 100 8
0.365491151809692 5000 omp 100 8
0.391515970230103 5000 omp 100 8
0.386816978454590 5000 omp 100 8
0.377774000167847 5000 omp 100 8
0.347502946853638 5000 omp 100 8
0.384036064147949 5000 omp 100 8
0.398040056228638 5000 omp 100 8
0.355987787246704 5000 omp 100 8
0.392657995223999 5000 omp 100 8
0.388678073883057 5000 omp 100 8
0.365520000457764 5000 omp 100 8
0.383957862854004 5000 omp 100 8
0.350350856781006 5000 omp 100 9
0.383380889892578 5000 omp 100 9
0.353530883789062 5000 omp 100 9
0.316256046295166 5000 omp 100 9
0.346368074417114 5000 omp 100 9
0.341714859008789 5000 omp 100 9
0.332975864410400 5000 omp 100 9
0.338773012161255 5000 omp 100 9
0.333281993865967 5000 omp 100 9
0.344980001449585 5000 omp 100 9
0.344083070755005 5000 omp 100 9
0.349645137786865 5000 omp 100 9
0.339927911758423 5000 omp 100 9
0.338149070739746 5000 omp 100 9
0.364090919494629 5000 omp 100 9
0.347062110900879 5000 omp 100 9
0.356910943984985 5000 omp 100 9
0.340214967727661 5000 omp 100 9
0.333634138107300 5000 omp 100 9
0.337968826293945 5000 omp 100 9
0.340507984161377 5000 omp 100 10
0.318776845932007 5000 omp 100 10
0.321416854858398 5000 omp 100 10
0.340412139892578 5000 omp 100 10
0.323646068572998 5000 omp 100 10
0.319413185119629 5000 omp 100 10
0.335708141326904 5000 omp 100 10
0.344861030578613 5000 omp 100 10
0.328356981277466 5000 omp 100 10
0.323235034942627 5000 omp 100 10
0.342447996139526 5000 omp 100 10
0.382566213607788 5000 omp 100 10
0.354547977447510 5000 omp 100 10
0.352393865585327 5000 omp 100 10
0.339604854583740 5000 omp 100 10
0.359743118286133 5000 omp 100 10
0.336914062500000 5000 omp 100 10
0.353426933288574 5000 omp 100 10
0.344282865524292 5000 omp 100 10
0.345956087112427 5000 omp 100 10
0.328143119812012 5000 omp 100 12
0.310627937316895 5000 omp 100 12
0.334945917129517 5000 omp 100 12
0.319880962371826 5000 omp 100 12
0.307931184768677 5000 omp 100 12
0.316194057464600 5000 omp 100 12
0.302479028701782 5000 omp 100 12
0.317944049835205 5000 omp 100 12
0.325795888900757 5000 omp 100 12
0.321052074432373 5000 omp 100 12
0.303797960281372 5000 omp 100 12
0.335934162139893 5000 omp 100 12
0.335268974304199 5000 omp 100 12
2.864651918411255 5000 omp 100 12
0.340604066848755 5000 omp 100 12
0.316878080368042 5000 omp 100 12
0.315896034240723 5000 omp 100 12
0.307219982147217 5000 omp 100 12
0.319555044174194 5000 omp 100 12
0.332014083862305 5000 omp 100 12
0.348320960998535 5000 omp 100 16
0.324232101440430 5000 omp 100 16
0.350136995315552 5000 omp 100 16
0.310554027557373 5000 omp 100 16
0.322271108627319 5000 omp 100 16
0.405754089355469 5000 omp 100 16
0.283873796463013 5000 omp 100 16
0.283318996429443 5000 omp 100 16
0.318061113357544 5000 omp 100 16
0.349480867385864 5000 omp 100 16
0.398930072784424 5000 omp 100 16
0.312741994857788 5000 omp 100 16
0.381216049194336 5000 omp 100 16
0.297118902206421 5000 omp 100 16
0.310575008392334 5000 omp 100 16
0.270165920257568 5000 omp 100 16
0.450819015502930 5000 omp 100 16
0.282541990280151 5000 omp 100 16
0.268834114074707 5000 omp 100 16
0.409399032592773 5000 omp 100 16
0.307348966598511 5000 omp 100 18
0.307713031768799 5000 omp 100 18
0.306087970733643 5000 omp 100 18
0.306418895721436 5000 omp 100 18
0.310566902160645 5000 omp 100 18
0.307741880416870 5000 omp 100 18
0.311336994171143 5000 omp 100 18
0.311791181564331 5000 omp 100 18
0.311463117599487 5000 omp 100 18
0.305974006652832 5000 omp 100 18
0.306222915649414 5000 omp 100 18
0.308837890625000 5000 omp 100 18
0.332041025161743 5000 omp 100 18
0.314172983169556 5000 omp 100 18
0.324743032455444 5000 omp 100 18
0.316776990890503 5000 omp 100 18
0.311217069625854 5000 omp 100 18
0.321484804153442 5000 omp 100 18
0.323536157608032 5000 omp 100 18
0.310574054718018 5000 omp 100 18
0.299531936645508 5000 omp 100 20
0.298957109451294 5000 omp 100 20
0.297418117523193 5000 omp 100 20
0.308032989501953 5000 omp 100 20
0.313863039016724 5000 omp 100 20
0.304581880569458 5000 omp 100 20
0.296332836151123 5000 omp 100 20
0.307901144027710 5000 omp 100 20
0.306449174880981 5000 omp 100 20
0.313030958175659 5000 omp 100 20
0.325639963150024 5000 omp 100 20
0.309828996658325 5000 omp 100 20
0.314789056777954 5000 omp 100 20
0.303189039230347 5000 omp 100 20
0.298971891403198 5000 omp 100 20
0.301074981689453 5000 omp 100 20
0.296974182128906 5000 omp 100 20
0.311336994171143 5000 omp 100 20
0.299312114715576 5000 omp 100 20
0.313184976577759 5000 omp 100 20
0.317586183547974 5000 omp 100 22
0.307042121887207 5000 omp 100 22
0.296662092208862 5000 omp 100 22
0.299316167831421 5000 omp 100 22
0.295760154724121 5000 omp 100 22
0.303750038146973 5000 omp 100 22
0.293009042739868 5000 omp 100 22
0.296008825302124 5000 omp 100 22
0.296036005020142 5000 omp 100 22
0.308753967285156 5000 omp 100 22
0.314208984375000 5000 omp 100 22
0.314267873764038 5000 omp 100 22
0.311043977737427 5000 omp 100 22
0.304491996765137 5000 omp 100 22
0.313187122344971 5000 omp 100 22
0.311436891555786 5000 omp 100 22
0.316733837127686 5000 omp 100 22
0.344920873641968 5000 omp 100 22
0.361896038055420 5000 omp 100 22
0.334074974060059 5000 omp 100 22
