====================================================================================
       N    Steps  Threads Best Version       Mean (s)      Speedup       SEM(S)
====================================================================================
    1000      100        1 omp                0.053468       1.0117       0.0082
    1000      100        2 pthrd_o            0.035538       1.5222       0.0183
    1000      100        4 omp                0.025425       2.1276       0.0348
    1000      100        8 omp                0.014641       3.6948       0.1083
    1000      100       12 omp                0.013278       4.0740       0.1071
    1000      100       16 omp                0.020685       2.6152       0.8495
    5000      100        1 pthrd_o            1.354883       1.0754       0.0895
    5000      100        2 pthrd_yu           0.707369       2.0599       0.1715
    5000      100        4 pthrd_o            0.380947       3.8249       0.3184
    5000      100        8 pthrd_o            0.247447       5.8884       0.4971
    5000      100       12 pthrd_o            0.253261       5.7533       0.4782
    5000      100       16 pthrd_yu           0.235124       6.1971       0.5157

