======================================================================================================================
Version               N    Steps  Threads     Mean (s)      Std (s)      SEM (s)      Min (s)      Max (s)      n
======================================================================================================================
omp                1000      100        1     0.053468     0.001185     0.000265     0.051803     0.056124     20
omp                1000      100        2     0.042703     0.002364     0.000529     0.040844     0.049880     20
omp                1000      100        4     0.025425     0.001715     0.000384     0.023959     0.029902     20
omp                1000      100        8     0.014641     0.001873     0.000419     0.013142     0.019388     20
omp                1000      100       12     0.013278     0.001514     0.000339     0.011321     0.016513     20
omp                1000      100       16     0.020685     0.030044     0.006718     0.010871     0.147502     20
pthrd_o            1000      100        1     0.056292     0.001326     0.000296     0.054123     0.058659     20
pthrd_o            1000      100        2     0.035538     0.001621     0.000362     0.033566     0.039088     20
pthrd_o            1000      100        4     0.026268     0.000878     0.000196     0.025332     0.029058     20
pthrd_o            1000      100        8     0.032640     0.001642     0.000367     0.030630     0.036679     20
pthrd_o            1000      100       12     0.040435     0.000893     0.000200     0.039129     0.042277     20
pthrd_o            1000      100       16     0.049588     0.000830     0.000186     0.048515     0.051075     20
pthrd_yu           1000      100        1     0.055510     0.001444     0.000323     0.053801     0.060416     20
pthrd_yu           1000      100        2     0.036149     0.001191     0.000266     0.034302     0.038754     20
pthrd_yu           1000      100        4     0.028543     0.001255     0.000281     0.026648     0.030984     20
pthrd_yu           1000      100        8     0.034182     0.001550     0.000347     0.032197     0.037342     20
pthrd_yu           1000      100       12     0.043871     0.000722     0.000161     0.042483     0.045518     20
pthrd_yu           1000      100       16     0.053450     0.000503     0.000113     0.052458     0.054202     20
seq                1000      100        1     0.054096     0.001542     0.000345     0.051945     0.057158     20
omp                5000      100        1     1.421241     0.473147     0.105799     1.296431     3.430798     20
omp                5000      100        2     1.036639     0.023598     0.005277     0.998263     1.090596     20
omp                5000      100        4     0.751884     0.475835     0.106400     0.614368     2.771226     20
omp                5000      100        8     0.390753     0.016918     0.003783     0.366261     0.425918     20
omp                5000      100       12     0.309204     0.012327     0.002756     0.292122     0.349989     20
omp                5000      100       16     0.333732     0.057207     0.012792     0.249887     0.467508     20
pthrd_o            5000      100        1     1.354883     0.030406     0.006799     1.317981     1.416755     20
pthrd_o            5000      100        2     0.795775     0.425316     0.095104     0.678471     2.601562     20
pthrd_o            5000      100        4     0.380947     0.009365     0.002094     0.365601     0.407603     20
pthrd_o            5000      100        8     0.247447     0.016601     0.003712     0.224964     0.282613     20
pthrd_o            5000      100       12     0.253261     0.003274     0.000732     0.250717     0.266088     20
pthrd_o            5000      100       16     0.343638     0.471338     0.105394     0.221526     2.345628     20
pthrd_yu           5000      100        1     1.432592     0.470072     0.105111     1.301282     3.428251     20
pthrd_yu           5000      100        2     0.707369     0.017409     0.003893     0.686416     0.748447     20
pthrd_yu           5000      100        4     0.381067     0.007726     0.001728     0.366730     0.399406     20
pthrd_yu           5000      100        8     0.261116     0.022224     0.004969     0.229410     0.305097     20
pthrd_yu           5000      100       12     0.369830     0.470468     0.105200     0.263027     2.368621     20
pthrd_yu           5000      100       16     0.235124     0.005200     0.001163     0.226589     0.246248     20
seq                5000      100        1     1.457079     0.541302     0.121039     1.238052     3.747579     20

Note: Std is the sample standard deviation over repeated runs.
      SEM is the standard error of the mean = Std / sqrt(n).

